#ell	tomo_i	tomo_j	Cgsgs_ij	Cgsgp_ij	Cgpgp_ij
20	0	0	4.9008906606e-05
20	0	1	5.9187228271e-06
20	0	2	3.0714847842e-09
20	0	3	1.5491336131e-16
20	0	4	1.4274656563e-30
20	1	0	5.9187228271e-06
20	1	1	2.4053772911e-05
20	1	2	3.4831563664e-06
20	1	3	6.6172210763e-09
20	1	4	1.8211571759e-14
20	2	0	3.0714847842e-09
20	2	1	3.4831563664e-06
20	2	2	1.4263853176e-05
20	2	3	2.5396693377e-06
20	2	4	1.2644709091e-08
20	3	0	1.5491336131e-16
20	3	1	6.6172210763e-09
20	3	2	2.5396693377e-06
20	3	3	9.7575258206e-06
20	3	4	2.0885882399e-06
20	4	0	1.4274656563e-30
20	4	1	1.8211571759e-14
20	4	2	1.2644709091e-08
20	4	3	2.0885882399e-06
20	4	4	7.3468064703e-06
25	0	0	4.3441448108e-05
25	0	1	5.6229809914e-06
25	0	2	3.0647042596e-09
25	0	3	1.5703655079e-16
25	0	4	1.4503929259e-30
25	1	0	5.6229809914e-06
25	1	1	2.3853546845e-05
25	1	2	3.5782619692e-06
25	1	3	6.9600315487e-09
25	1	4	1.9347576875e-14
25	2	0	3.0647042596e-09
25	2	1	3.5782619692e-06
25	2	2	1.4951864054e-05
25	2	3	2.7111510299e-06
25	2	4	1.3682068493e-08
25	3	0	1.5703655079e-16
25	3	1	6.9600315487e-09
25	3	2	2.7111510299e-06
25	3	3	1.0536710097e-05
25	3	4	2.2801684891e-06
25	4	0	1.4503929259e-30
25	4	1	1.9347576875e-14
25	4	2	1.3682068493e-08
25	4	3	2.2801684891e-06
25	4	4	8.0807121597e-06
32	0	0	3.6079121354e-05
32	0	1	4.9536448330e-06
32	0	2	2.8715440965e-09
32	0	3	1.5033507395e-16
32	0	4	1.3929671756e-30
32	1	0	4.9536448330e-06
32	1	1	2.2188931012e-05
32	1	2	3.4911921672e-06
32	1	3	7.0209656663e-09
32	1	4	1.9797240841e-14
32	2	0	2.8715440965e-09
32	2	1	3.4911921672e-06
32	2	2	1.5012049824e-05
32	2	3	2.7936384806e-06
32	2	4	1.4373042543e-08
32	3	0	1.5033507395e-16
32	3	1	7.0209656663e-09
32	3	2	2.7936384806e-06
32	3	3	1.1037328214e-05
32	3	4	2.4259714282e-06
32	4	0	1.3929671756e-30
32	4	1	1.9797240841e-14
32	4	2	1.4373042543e-08
32	4	3	2.4259714282e-06
32	4	4	8.6889245608e-06
41	0	0	2.9384056078e-05
41	0	1	4.0854831314e-06
41	0	2	2.4933310022e-09
41	0	3	1.3352084031e-16
41	0	4	1.2416083682e-30
41	1	0	4.0854831314e-06
41	1	1	1.9166908406e-05
41	1	2	3.1716720679e-06
41	1	3	6.6421971241e-09
41	1	4	1.9069826304e-14
41	2	0	2.4933310022e-09
41	2	1	3.1716720679e-06
41	2	2	1.4123947568e-05
41	2	3	2.7158713687e-06
41	2	4	1.4327259301e-08
41	3	0	1.3352084031e-16
41	3	1	6.6421971241e-09
41	3	2	2.7158713687e-06
41	3	3	1.0962227146e-05
41	3	4	2.4589853498e-06
41	4	0	1.2416083682e-30
41	4	1	1.9069826304e-14
41	4	2	1.4327259301e-08
41	4	3	2.4589853498e-06
41	4	4	8.9307482319e-06
52	0	0	2.4147365067e-05
52	0	1	3.3356752743e-06
52	0	2	2.0530804486e-09
52	0	3	1.1143355333e-16
52	0	4	1.0387799218e-30
52	1	0	3.3356752743e-06
52	1	1	1.5791093828e-05
52	1	2	2.6970415408e-06
52	1	3	5.8642377206e-09
52	1	4	1.7156940962e-14
52	2	0	2.0530804486e-09
52	2	1	2.6970415408e-06
52	2	2	1.2409134877e-05
52	2	3	2.4694145755e-06
52	2	4	1.3405668763e-08
52	3	0	1.1143355333e-16
52	3	1	5.8642377206e-09
52	3	2	2.4694145755e-06
52	3	3	1.0215382371e-05
52	3	4	2.3472746353e-06
52	4	0	1.0387799218e-30
52	4	1	1.7156940962e-14
52	4	2	1.3405668763e-08
52	4	3	2.3472746353e-06
52	4	4	8.6709452803e-06
67	0	0	1.8664922928e-05
67	0	1	2.7510142528e-06
67	0	2	1.6582506853e-09
67	0	3	8.9357612760e-17
67	0	4	8.3254951235e-31
67	1	0	2.7510142528e-06
67	1	1	1.2805904648e-05
67	1	2	2.1689863271e-06
67	1	3	4.7978996858e-09
67	1	4	1.4233416614e-14
67	2	0	1.6582506853e-09
67	2	1	2.1689863271e-06
67	2	2	1.0132912522e-05
67	2	3	2.0690741707e-06
67	2	4	1.1552193671e-08
67	3	0	8.9357612760e-17
67	3	1	4.7978996858e-09
67	3	2	2.0690741707e-06
67	3	3	8.7688492224e-06
67	3	4	2.0689048730e-06
67	4	0	8.3254951235e-31
67	4	1	1.4233416614e-14
67	4	2	1.1552193671e-08
67	4	3	2.0689048730e-06
67	4	4	7.8003822272e-06
85	0	0	1.3696181327e-05
85	0	1	2.1752454887e-06
85	0	2	1.3909652086e-09
85	0	3	7.4894092588e-17
85	0	4	6.9697949462e-31
85	1	0	2.1752454887e-06
85	1	1	1.0648509087e-05
85	1	2	1.7991212537e-06
85	1	3	3.9130314490e-09
85	1	4	1.1561472873e-14
85	2	0	1.3909652086e-09
85	2	1	1.7991212537e-06
85	2	2	8.2874819420e-06
85	2	3	1.6835330221e-06
85	2	4	9.4801033012e-09
85	3	0	7.4894092588e-17
85	3	1	3.9130314490e-09
85	3	2	1.6835330221e-06
85	3	3	7.1880947737e-06
85	3	4	1.7202971630e-06
85	4	0	6.9697949462e-31
85	4	1	1.1561472873e-14
85	4	2	9.4801033012e-09
85	4	3	1.7202971630e-06
85	4	4	6.5815425462e-06
109	0	0	9.9134447438e-06
109	0	1	1.5284625683e-06
109	0	2	1.0625464522e-09
109	0	3	5.9770474766e-17
109	0	4	5.5963727959e-31
109	1	0	1.5284625683e-06
109	1	1	8.0538195538e-06
109	1	2	1.4726469486e-06
109	1	3	3.2607883635e-09
109	1	4	9.5894906831e-15
109	2	0	1.0625464522e-09
109	2	1	1.4726469486e-06
109	2	2	6.8883767388e-06
109	2	3	1.3886822869e-06
109	2	4	7.7100026130e-09
109	3	0	5.9770474766e-17
109	3	1	3.2607883635e-09
109	3	2	1.3886822869e-06
109	3	3	5.8583826236e-06
109	3	4	1.3887861678e-06
109	4	0	5.5963727959e-31
109	4	1	9.5894906831e-15
109	4	2	7.7100026130e-09
109	4	3	1.3887861678e-06
109	4	4	5.3052352173e-06
139	0	0	7.1690669852e-06
139	0	1	1.1395654358e-06
139	0	2	7.4222419803e-10
139	0	3	4.1630137272e-17
139	0	4	3.9075925096e-31
139	1	0	1.1395654358e-06
139	1	1	5.7200155825e-06
139	1	2	1.0647235384e-06
139	1	3	2.5538592590e-09
139	1	4	7.7791210043e-15
139	2	0	7.4222419803e-10
139	2	1	1.0647235384e-06
139	2	2	5.3349885594e-06
139	2	3	1.1394059674e-06
139	2	4	6.4575117607e-09
139	3	0	4.1630137272e-17
139	3	1	2.5538592590e-09
139	3	2	1.1394059674e-06
139	3	3	4.8928698800e-06
139	3	4	1.1624229596e-06
139	4	0	3.9075925096e-31
139	4	1	7.7791210043e-15
139	4	2	6.4575117607e-09
139	4	3	1.1624229596e-06
139	4	4	4.4089690781e-06
177	0	0	5.1160194989e-06
177	0	1	8.0743610822e-07
177	0	2	5.6284187885e-10
177	0	3	3.1318048070e-17
177	0	4	2.9257823196e-31
177	1	0	8.0743610822e-07
177	1	1	4.2555822670e-06
177	1	2	7.6953720092e-07
177	1	3	1.7724262527e-09
177	1	4	5.4498535408e-15
177	2	0	5.6284187885e-10
177	2	1	7.6953720092e-07
177	2	2	3.7330022026e-06
177	2	3	8.1522353586e-07
177	2	4	4.9030496782e-09
177	3	0	3.1318048070e-17
177	3	1	1.7724262527e-09
177	3	2	8.1522353586e-07
177	3	3	3.6840128912e-06
177	3	4	9.2336772623e-07
177	4	0	2.9257823196e-31
177	4	1	5.4498535408e-15
177	4	2	4.9030496782e-09
177	4	3	9.2336772623e-07
177	4	4	3.6113585960e-06
225	0	0	3.6818425258e-06
225	0	1	5.7951674451e-07
225	0	2	3.9014515028e-10
225	0	3	2.1984991863e-17
225	0	4	2.0657808357e-31
225	1	0	5.7951674451e-07
225	1	1	2.9964236480e-06
225	1	2	5.6560867098e-07
225	1	3	1.3467086721e-09
225	1	4	4.0507166648e-15
225	2	0	3.9014515028e-10
225	2	1	5.6560867098e-07
225	2	2	2.8157566371e-06
225	2	3	5.9254077574e-07
225	2	4	3.4070004876e-09
225	3	0	2.1984991863e-17
225	3	1	1.3467086721e-09
225	3	2	5.9254077574e-07
225	3	3	2.5785664316e-06
225	3	4	6.4041653157e-07
225	4	0	2.0657808357e-31
225	4	1	4.0507166648e-15
225	4	2	3.4070004876e-09
225	4	3	6.4041653157e-07
225	4	4	2.5622533434e-06
287	0	0	2.6633433497e-06
287	0	1	4.1048681041e-07
287	0	2	2.7851202367e-10
287	0	3	1.5776480760e-17
287	0	4	1.4804841634e-31
287	1	0	4.1048681041e-07
287	1	1	2.1272544923e-06
287	1	2	3.9535061409e-07
287	1	3	9.2408144507e-10
287	1	4	2.8578526371e-15
287	2	0	2.7851202367e-10
287	2	1	3.9535061409e-07
287	2	2	1.9450817334e-06
287	2	3	4.2922684061e-07
287	2	4	2.5872736386e-09
287	3	0	1.5776480760e-17
287	3	1	9.2408144507e-10
287	3	2	4.2922684061e-07
287	3	3	1.9424374292e-06
287	3	4	4.8116516367e-07
287	4	0	1.4804841634e-31
287	4	1	2.8578526371e-15
287	4	2	2.5872736386e-09
287	4	3	4.8116516367e-07
287	4	4	1.8611011696e-06
366	0	0	1.9599867631e-06
366	0	1	2.9415497083e-07
366	0	2	1.9655518221e-10
366	0	3	1.1020541260e-17
366	0	4	1.0324512334e-31
366	1	0	2.9415497083e-07
366	1	1	1.5022006494e-06
366	1	2	2.7653332721e-07
366	1	3	6.5851176849e-10
366	1	4	2.0302561874e-15
366	2	0	1.9655518221e-10
366	2	1	2.7653332721e-07
366	2	2	1.3777363090e-06
366	2	3	2.9972756322e-07
366	2	4	1.7468490118e-09
366	3	0	1.1020541260e-17
366	3	1	6.5851176849e-10
366	3	2	2.9972756322e-07
366	3	3	1.3205451332e-06
366	3	4	3.2979954476e-07
366	4	0	1.0324512334e-31
366	4	1	2.0302561874e-15
366	4	2	1.7468490118e-09
366	4	3	3.2979954476e-07
366	4	4	1.3298491774e-06
467	0	0	1.4720169853e-06
467	0	1	2.1412915506e-07
467	0	2	1.3980615741e-10
467	0	3	7.7816186007e-18
467	0	4	7.2857031983e-32
467	1	0	2.1412915506e-07
467	1	1	1.0714594676e-06
467	1	2	1.9472746262e-07
467	1	3	4.5748152245e-10
467	1	4	1.3968641110e-15
467	2	0	1.3980615741e-10
467	2	1	1.9472746262e-07
467	2	2	9.5902578848e-07
467	2	3	2.0660091845e-07
467	2	4	1.2243332251e-09
467	3	0	7.7816186007e-18
467	3	1	4.5748152245e-10
467	3	2	2.0660091845e-07
467	3	3	9.2250425115e-07
467	3	4	2.3340525935e-07
467	4	0	7.2857031983e-32
467	4	1	1.3968641110e-15
467	4	2	1.2243332251e-09
467	4	3	2.3340525935e-07
467	4	4	9.2681807620e-07
595	0	0	1.1291184610e-06
595	0	1	1.5954974484e-07
595	0	2	1.0138717519e-10
595	0	3	5.5865894247e-18
595	0	4	5.2232385432e-32
595	1	0	1.5954974484e-07
595	1	1	7.7896380503e-07
595	1	2	1.3872092642e-07
595	1	3	3.2060617105e-10
595	1	4	9.7456227857e-16
595	2	0	1.0138717519e-10
595	2	1	1.3872092642e-07
595	2	2	6.7392394549e-07
595	2	3	1.4407149044e-07
595	2	4	8.4844385482e-10
595	3	0	5.5865894247e-18
595	3	1	3.2060617105e-10
595	3	2	1.4407149044e-07
595	3	3	6.3960502135e-07
595	3	4	1.5983840138e-07
595	4	0	5.2232385432e-32
595	4	1	9.7456227857e-16
595	4	2	8.4844385482e-10
595	4	3	1.5983840138e-07
595	4	4	6.3053042658e-07
758	0	0	8.7633363114e-07
758	0	1	1.2148297863e-07
758	0	2	7.5155985877e-11
758	0	3	4.0974878785e-18
758	0	4	3.8244100190e-32
758	1	0	1.2148297863e-07
758	1	1	5.7874171557e-07
758	1	2	1.0060643910e-07
758	1	3	2.2798918496e-10
758	1	4	6.8717610513e-16
758	2	0	7.5155985877e-11
758	2	1	1.0060643910e-07
758	2	2	4.8047714858e-07
758	2	3	1.0123644659e-07
758	2	4	5.8858334517e-10
758	3	0	4.0974878785e-18
758	3	1	2.2798918496e-10
758	3	2	1.0123644659e-07
758	3	3	4.4455595182e-07
758	3	4	1.0994732885e-07
758	4	0	3.8244100190e-32
758	4	1	6.8717610513e-16
758	4	2	5.8858334517e-10
758	4	3	1.0994732885e-07
758	4	4	4.3286399342e-07
966	0	0	6.7901529826e-07
966	0	1	9.3903113977e-08
966	0	2	5.6926985721e-11
966	0	3	3.0726894452e-18
966	0	4	2.8630920499e-32
966	1	0	9.3903113977e-08
966	1	1	4.3904201482e-07
966	1	2	7.4575070158e-08
966	1	3	1.6537838967e-10
966	1	4	4.9325453117e-16
966	2	0	5.6926985721e-11
966	2	1	7.4575070158e-08
966	2	2	3.4941181407e-07
966	2	3	7.2232435259e-08
966	2	4	4.1360275924e-10
966	3	0	3.0726894452e-18
966	3	1	1.6537838967e-10
966	3	2	7.2232435259e-08
966	3	3	3.1297316659e-07
966	3	4	7.6356537605e-08
966	4	0	2.8630920499e-32
966	4	1	4.9325453117e-16
966	4	2	4.1360275924e-10
966	4	3	7.6356537605e-08
966	4	4	2.9835851622e-07
1231	0	0	5.1757561675e-07
1231	0	1	7.2828279473e-08
1231	0	2	4.3826499635e-11
1231	0	3	2.3498483156e-18
1231	0	4	2.1868520961e-32
1231	1	0	7.2828279473e-08
1231	1	1	3.3804107301e-07
1231	1	2	5.6483436522e-08
1231	1	3	1.2275449457e-10
1231	1	4	3.6218466928e-16
1231	2	0	4.3826499635e-11
1231	2	1	5.6483436522e-08
1231	2	2	2.5998027232e-07
1231	2	3	5.2685251912e-08
1231	2	4	2.9626451089e-10
1231	3	0	2.3498483156e-18
1231	3	1	1.2275449457e-10
1231	3	2	5.2685251912e-08
1231	3	3	2.2472664360e-07
1231	3	4	5.3961829213e-08
1231	4	0	2.1868520961e-32
1231	4	1	3.6218466928e-16
1231	4	2	2.9626451089e-10
1231	4	3	5.3961829213e-08
1231	4	4	2.0832426259e-07
1569	0	0	3.8292729523e-07
1569	0	1	5.5754998944e-08
1569	0	2	3.3874873414e-11
1569	0	3	1.8143239050e-18
1569	0	4	1.6877464409e-32
1569	1	0	5.5754998944e-08
1569	1	1	2.6082959719e-07
1569	1	2	4.3388053741e-08
1569	1	3	9.3001374553e-11
1569	1	4	2.7194647605e-16
1569	2	0	3.3874873414e-11
1569	2	1	4.3388053741e-08
1569	2	2	1.9727962780e-07
1569	2	3	3.9310926758e-08
1569	2	4	2.1715317038e-10
1569	3	0	1.8143239050e-18
1569	3	1	9.3001374553e-11
1569	3	2	3.9310926758e-08
1569	3	3	1.6511220080e-07
1569	3	4	3.8974272139e-08
1569	4	0	1.6877464409e-32
1569	4	1	2.7194647605e-16
1569	4	2	2.1715317038e-10
1569	4	3	3.8974272139e-08
1569	4	4	1.4841755387e-07
2000	0	0	2.7301593415e-07
2000	0	1	4.1492667790e-08
2000	0	2	2.5867965591e-11
2000	0	3	1.3932931730e-18
2000	0	4	1.2968892952e-32
2000	1	0	4.1492667790e-08
2000	1	1	1.9852518048e-07
2000	1	2	3.3367194690e-08
2000	1	3	7.1312332953e-11
2000	1	4	2.0753404319e-16
2000	2	0	2.5867965591e-11
2000	2	1	3.3367194690e-08
2000	2	2	1.5129533119e-07
2000	2	3	2.9865965488e-08
2000	2	4	1.6271743555e-10
2000	3	0	1.3932931730e-18
2000	3	1	7.1312332953e-11
2000	3	2	2.9865965488e-08
2000	3	3	1.2395277387e-07
2000	3	4	2.8818071073e-08
2000	4	0	1.2968892952e-32
2000	4	1	2.0753404319e-16
2000	4	2	1.6271743555e-10
2000	4	3	2.8818071073e-08
2000	4	4	1.0826680492e-07
