#ell		tomo_i	tomo_j	Cell_kappakappa
2.0000000000e+01	1		1		2.196990e-09			
2.0000000000e+01	1		2		3.795748e-09			
2.0000000000e+01	1		3		4.077725e-09			
2.0000000000e+01	1		4		4.254815e-09			
2.0000000000e+01	1		5		4.413620e-09			
2.0000000000e+01	2		1		3.795748e-09			
2.0000000000e+01	2		2		1.050533e-08			
2.0000000000e+01	2		3		1.336074e-08			
2.0000000000e+01	2		4		1.497524e-08			
2.0000000000e+01	2		5		1.641988e-08			
2.0000000000e+01	3		1		4.077725e-09			
2.0000000000e+01	3		2		1.336074e-08			
2.0000000000e+01	3		3		1.974445e-08			
2.0000000000e+01	3		4		2.392853e-08			
2.0000000000e+01	3		5		2.756023e-08			
2.0000000000e+01	4		1		4.254815e-09			
2.0000000000e+01	4		2		1.497524e-08			
2.0000000000e+01	4		3		2.392853e-08			
2.0000000000e+01	4		4		3.161324e-08			
2.0000000000e+01	4		5		3.881265e-08			
2.0000000000e+01	5		1		4.413620e-09			
2.0000000000e+01	5		2		1.641988e-08			
2.0000000000e+01	5		3		2.756023e-08			
2.0000000000e+01	5		4		3.881265e-08			
2.0000000000e+01	5		5		5.246238e-08			
2.5000000000e+01	1		1		1.717955e-09			
2.5000000000e+01	1		2		2.996891e-09			
2.5000000000e+01	1		3		3.207596e-09			
2.5000000000e+01	1		4		3.340399e-09			
2.5000000000e+01	1		5		3.459627e-09			
2.5000000000e+01	2		1		2.996891e-09			
2.5000000000e+01	2		2		8.604639e-09			
2.5000000000e+01	2		3		1.104850e-08			
2.5000000000e+01	2		4		1.241550e-08			
2.5000000000e+01	2		5		1.363903e-08			
2.5000000000e+01	3		1		3.207596e-09			
2.5000000000e+01	3		2		1.104850e-08			
2.5000000000e+01	3		3		1.678900e-08			
2.5000000000e+01	3		4		2.059284e-08			
2.5000000000e+01	3		5		2.388147e-08			
2.5000000000e+01	4		1		3.340399e-09			
2.5000000000e+01	4		2		1.241550e-08			
2.5000000000e+01	4		3		2.059284e-08			
2.5000000000e+01	4		4		2.788877e-08			
2.5000000000e+01	4		5		3.476926e-08			
2.5000000000e+01	5		1		3.459627e-09			
2.5000000000e+01	5		2		1.363903e-08			
2.5000000000e+01	5		3		2.388147e-08			
2.5000000000e+01	5		4		3.476926e-08			
2.5000000000e+01	5		5		4.840553e-08			
3.2000000000e+01	1		1		1.284359e-09			
3.2000000000e+01	1		2		2.264365e-09			
3.2000000000e+01	1		3		2.416919e-09			
3.2000000000e+01	1		4		2.513258e-09			
3.2000000000e+01	1		5		2.599860e-09			
3.2000000000e+01	2		1		2.264365e-09			
3.2000000000e+01	2		2		6.750668e-09			
3.2000000000e+01	2		3		8.736533e-09			
3.2000000000e+01	2		4		9.834549e-09			
3.2000000000e+01	2		5		1.081762e-08			
3.2000000000e+01	3		1		2.416919e-09			
3.2000000000e+01	3		2		8.736533e-09			
3.2000000000e+01	3		3		1.360587e-08			
3.2000000000e+01	3		4		1.687165e-08			
3.2000000000e+01	3		5		1.968139e-08			
3.2000000000e+01	4		1		2.513258e-09			
3.2000000000e+01	4		2		9.834549e-09			
3.2000000000e+01	4		3		1.687165e-08			
3.2000000000e+01	4		4		2.343945e-08			
3.2000000000e+01	4		5		2.968885e-08			
3.2000000000e+01	5		1		2.599860e-09			
3.2000000000e+01	5		2		1.081762e-08			
3.2000000000e+01	5		3		1.968139e-08			
3.2000000000e+01	5		4		2.968885e-08			
3.2000000000e+01	5		5		4.275646e-08			
4.1000000000e+01	1		1		9.457462e-10			
4.1000000000e+01	1		2		1.671947e-09			
4.1000000000e+01	1		3		1.778583e-09			
4.1000000000e+01	1		4		1.846107e-09			
4.1000000000e+01	1		5		1.906884e-09			
4.1000000000e+01	2		1		1.671947e-09			
4.1000000000e+01	2		2		5.184916e-09			
4.1000000000e+01	2		3		6.763994e-09			
4.1000000000e+01	2		4		7.628804e-09			
4.1000000000e+01	2		5		8.403185e-09			
4.1000000000e+01	3		1		1.778583e-09			
4.1000000000e+01	3		2		6.763994e-09			
4.1000000000e+01	3		3		1.073611e-08			
4.1000000000e+01	3		4		1.342189e-08			
4.1000000000e+01	3		5		1.572175e-08			
4.1000000000e+01	4		1		1.846107e-09			
4.1000000000e+01	4		2		7.628804e-09			
4.1000000000e+01	4		3		1.342189e-08			
4.1000000000e+01	4		4		1.904179e-08			
4.1000000000e+01	4		5		2.443965e-08			
4.1000000000e+01	5		1		1.906884e-09			
4.1000000000e+01	5		2		8.403185e-09			
4.1000000000e+01	5		3		1.572175e-08			
4.1000000000e+01	5		4		2.443965e-08			
4.1000000000e+01	5		5		3.636368e-08			
5.2000000000e+01	1		1		7.035045e-10			
5.2000000000e+01	1		2		1.232160e-09			
5.2000000000e+01	1		3		1.301496e-09			
5.2000000000e+01	1		4		1.345776e-09			
5.2000000000e+01	1		5		1.385705e-09			
5.2000000000e+01	2		1		1.232160e-09			
5.2000000000e+01	2		2		3.937294e-09			
5.2000000000e+01	2		3		5.185707e-09			
5.2000000000e+01	2		4		5.864538e-09			
5.2000000000e+01	2		5		6.472370e-09			
5.2000000000e+01	3		1		1.301496e-09			
5.2000000000e+01	3		2		5.185707e-09			
5.2000000000e+01	3		3		8.390553e-09			
5.2000000000e+01	3		4		1.056108e-08			
5.2000000000e+01	3		5		1.241333e-08			
5.2000000000e+01	4		1		1.345776e-09			
5.2000000000e+01	4		2		5.864538e-09			
5.2000000000e+01	4		3		1.056108e-08			
5.2000000000e+01	4		4		1.521251e-08			
5.2000000000e+01	4		5		1.971448e-08			
5.2000000000e+01	5		1		1.385705e-09			
5.2000000000e+01	5		2		6.472370e-09			
5.2000000000e+01	5		3		1.241333e-08			
5.2000000000e+01	5		4		1.971448e-08			
5.2000000000e+01	5		5		3.012744e-08			
6.7000000000e+01	1		1		5.150875e-10			
6.7000000000e+01	1		2		8.921368e-10			
6.7000000000e+01	1		3		9.342153e-10			
6.7000000000e+01	1		4		9.614528e-10			
6.7000000000e+01	1		5		9.860898e-10			
6.7000000000e+01	2		1		8.921368e-10			
6.7000000000e+01	2		2		2.868052e-09			
6.7000000000e+01	2		3		3.803887e-09			
6.7000000000e+01	2		4		4.308523e-09			
6.7000000000e+01	2		5		4.760449e-09			
6.7000000000e+01	3		1		9.342153e-10			
6.7000000000e+01	3		2		3.803887e-09			
6.7000000000e+01	3		3		6.309989e-09			
6.7000000000e+01	3		4		8.012060e-09			
6.7000000000e+01	3		5		9.460829e-09			
6.7000000000e+01	4		1		9.614528e-10			
6.7000000000e+01	4		2		4.308523e-09			
6.7000000000e+01	4		3		8.012060e-09			
6.7000000000e+01	4		4		1.171993e-08			
6.7000000000e+01	4		5		1.531997e-08			
6.7000000000e+01	5		1		9.860898e-10			
6.7000000000e+01	5		2		4.760449e-09			
6.7000000000e+01	5		3		9.460829e-09			
6.7000000000e+01	5		4		1.531997e-08			
6.7000000000e+01	5		5		2.393073e-08			
8.5000000000e+01	1		1		3.859138e-10			
8.5000000000e+01	1		2		6.642294e-10			
8.5000000000e+01	1		3		6.941402e-10			
8.5000000000e+01	1		4		7.133781e-10			
8.5000000000e+01	1		5		7.307418e-10			
8.5000000000e+01	2		1		6.642294e-10			
8.5000000000e+01	2		2		2.113681e-09			
8.5000000000e+01	2		3		2.797684e-09			
8.5000000000e+01	2		4		3.162066e-09			
8.5000000000e+01	2		5		3.488558e-09			
8.5000000000e+01	3		1		6.941402e-10			
8.5000000000e+01	3		2		2.797684e-09			
8.5000000000e+01	3		3		4.712407e-09			
8.5000000000e+01	3		4		6.031445e-09			
8.5000000000e+01	3		5		7.150781e-09			
8.5000000000e+01	4		1		7.133781e-10			
8.5000000000e+01	4		2		3.162066e-09			
8.5000000000e+01	4		3		6.031445e-09			
8.5000000000e+01	4		4		8.986721e-09			
8.5000000000e+01	4		5		1.185864e-08			
8.5000000000e+01	5		1		7.307418e-10			
8.5000000000e+01	5		2		3.488558e-09			
8.5000000000e+01	5		3		7.150781e-09			
8.5000000000e+01	5		4		1.185864e-08			
8.5000000000e+01	5		5		1.885916e-08			
1.0900000000e+02	1		1		2.879500e-10			
1.0900000000e+02	1		2		4.905706e-10			
1.0900000000e+02	1		3		5.125622e-10			
1.0900000000e+02	1		4		5.266618e-10			
1.0900000000e+02	1		5		5.394394e-10			
1.0900000000e+02	2		1		4.905706e-10			
1.0900000000e+02	2		2		1.539680e-09			
1.0900000000e+02	2		3		2.031912e-09			
1.0900000000e+02	2		4		2.290872e-09			
1.0900000000e+02	2		5		2.522949e-09			
1.0900000000e+02	3		1		5.125622e-10			
1.0900000000e+02	3		2		2.031912e-09			
1.0900000000e+02	3		3		3.416211e-09			
1.0900000000e+02	3		4		4.379493e-09			
1.0900000000e+02	3		5		5.192941e-09			
1.0900000000e+02	4		1		5.266618e-10			
1.0900000000e+02	4		2		2.290872e-09			
1.0900000000e+02	4		3		4.379493e-09			
1.0900000000e+02	4		4		6.635204e-09			
1.0900000000e+02	4		5		8.846071e-09			
1.0900000000e+02	5		1		5.394394e-10			
1.0900000000e+02	5		2		2.522949e-09			
1.0900000000e+02	5		3		5.192941e-09			
1.0900000000e+02	5		4		8.846071e-09			
1.0900000000e+02	5		5		1.439466e-08			
1.3900000000e+02	1		1		2.179997e-10			
1.3900000000e+02	1		2		3.691024e-10			
1.3900000000e+02	1		3		3.856150e-10			
1.3900000000e+02	1		4		3.962141e-10			
1.3900000000e+02	1		5		4.058140e-10			
1.3900000000e+02	2		1		3.691024e-10			
1.3900000000e+02	2		2		1.131043e-09			
1.3900000000e+02	2		3		1.488751e-09			
1.3900000000e+02	2		4		1.677391e-09			
1.3900000000e+02	2		5		1.846322e-09			
1.3900000000e+02	3		1		3.856150e-10			
1.3900000000e+02	3		2		1.488751e-09			
1.3900000000e+02	3		3		2.494519e-09			
1.3900000000e+02	3		4		3.188893e-09			
1.3900000000e+02	3		5		3.772714e-09			
1.3900000000e+02	4		1		3.962141e-10			
1.3900000000e+02	4		2		1.677391e-09			
1.3900000000e+02	4		3		3.188893e-09			
1.3900000000e+02	4		4		4.835898e-09			
1.3900000000e+02	4		5		6.470162e-09			
1.3900000000e+02	5		1		4.058140e-10			
1.3900000000e+02	5		2		1.846322e-09			
1.3900000000e+02	5		3		3.772714e-09			
1.3900000000e+02	5		4		6.470162e-09			
1.3900000000e+02	5		5		1.077643e-08			
1.7700000000e+02	1		1		1.660551e-10			
1.7700000000e+02	1		2		2.807489e-10			
1.7700000000e+02	1		3		2.942189e-10			
1.7700000000e+02	1		4		3.028006e-10			
1.7700000000e+02	1		5		3.105589e-10			
1.7700000000e+02	2		1		2.807489e-10			
1.7700000000e+02	2		2		8.396882e-10			
1.7700000000e+02	2		3		1.097789e-09			
1.7700000000e+02	2		4		1.233668e-09			
1.7700000000e+02	2		5		1.355424e-09			
1.7700000000e+02	3		1		2.942189e-10			
1.7700000000e+02	3		2		1.097789e-09			
1.7700000000e+02	3		3		1.824802e-09			
1.7700000000e+02	3		4		2.330275e-09			
1.7700000000e+02	3		5		2.755212e-09			
1.7700000000e+02	4		1		3.028006e-10			
1.7700000000e+02	4		2		1.233668e-09			
1.7700000000e+02	4		3		2.330275e-09			
1.7700000000e+02	4		4		3.522353e-09			
1.7700000000e+02	4		5		4.699716e-09			
1.7700000000e+02	5		1		3.105589e-10			
1.7700000000e+02	5		2		1.355424e-09			
1.7700000000e+02	5		3		2.755212e-09			
1.7700000000e+02	5		4		4.699716e-09			
1.7700000000e+02	5		5		7.886708e-09			
2.2500000000e+02	1		1		1.266505e-10			
2.2500000000e+02	1		2		2.150706e-10			
2.2500000000e+02	1		3		2.262738e-10			
2.2500000000e+02	1		4		2.333743e-10			
2.2500000000e+02	1		5		2.397854e-10			
2.2500000000e+02	2		1		2.150706e-10			
2.2500000000e+02	2		2		6.306729e-10			
2.2500000000e+02	2		3		8.201059e-10			
2.2500000000e+02	2		4		9.201719e-10			
2.2500000000e+02	2		5		1.009787e-09			
2.2500000000e+02	3		1		2.262738e-10			
2.2500000000e+02	3		2		8.201059e-10			
2.2500000000e+02	3		3		1.344066e-09			
2.2500000000e+02	3		4		1.706834e-09			
2.2500000000e+02	3		5		2.011828e-09			
2.2500000000e+02	4		1		2.333743e-10			
2.2500000000e+02	4		2		9.201719e-10			
2.2500000000e+02	4		3		1.706834e-09			
2.2500000000e+02	4		4		2.570580e-09			
2.2500000000e+02	4		5		3.426056e-09			
2.2500000000e+02	5		1		2.397854e-10			
2.2500000000e+02	5		2		1.009787e-09			
2.2500000000e+02	5		3		2.011828e-09			
2.2500000000e+02	5		4		3.426056e-09			
2.2500000000e+02	5		5		5.728084e-09			
2.8700000000e+02	1		1		9.551327e-11			
2.8700000000e+02	1		2		1.639211e-10			
2.8700000000e+02	1		3		1.732819e-10			
2.8700000000e+02	1		4		1.791904e-10			
2.8700000000e+02	1		5		1.845170e-10			
2.8700000000e+02	2		1		1.639211e-10			
2.8700000000e+02	2		2		4.760617e-10			
2.8700000000e+02	2		3		6.160740e-10			
2.8700000000e+02	2		4		6.905031e-10			
2.8700000000e+02	2		5		7.571644e-10			
2.8700000000e+02	3		1		1.732819e-10			
2.8700000000e+02	3		2		6.160740e-10			
2.8700000000e+02	3		3		9.951099e-10			
2.8700000000e+02	3		4		1.256974e-09			
2.8700000000e+02	3		5		1.477176e-09			
2.8700000000e+02	4		1		1.791904e-10			
2.8700000000e+02	4		2		6.905031e-10			
2.8700000000e+02	4		3		1.256974e-09			
2.8700000000e+02	4		4		1.870857e-09			
2.8700000000e+02	4		5		2.479061e-09			
2.8700000000e+02	5		1		1.845170e-10			
2.8700000000e+02	5		2		7.571644e-10			
2.8700000000e+02	5		3		1.477176e-09			
2.8700000000e+02	5		4		2.479061e-09			
2.8700000000e+02	5		5		4.134944e-09			
3.6600000000e+02	1		1		7.102528e-11			
3.6600000000e+02	1		2		1.238482e-10			
3.6600000000e+02	1		3		1.315313e-10			
3.6600000000e+02	1		4		1.363708e-10			
3.6600000000e+02	1		5		1.407279e-10			
3.6600000000e+02	2		1		1.238482e-10			
3.6600000000e+02	2		2		3.612823e-10			
3.6600000000e+02	2		3		4.665177e-10			
3.6600000000e+02	2		4		5.229294e-10			
3.6600000000e+02	2		5		5.734403e-10			
3.6600000000e+02	3		1		1.315313e-10			
3.6600000000e+02	3		2		4.665177e-10			
3.6600000000e+02	3		3		7.440474e-10			
3.6600000000e+02	3		4		9.346409e-10			
3.6600000000e+02	3		5		1.095289e-09			
3.6600000000e+02	4		1		1.363708e-10			
3.6600000000e+02	4		2		5.229294e-10			
3.6600000000e+02	4		3		9.346409e-10			
3.6600000000e+02	4		4		1.374414e-09			
3.6600000000e+02	4		5		1.809046e-09			
3.6600000000e+02	5		1		1.407279e-10			
3.6600000000e+02	5		2		5.734403e-10			
3.6600000000e+02	5		3		1.095289e-09			
3.6600000000e+02	5		4		1.809046e-09			
3.6600000000e+02	5		5		2.978097e-09			
4.6700000000e+02	1		1		5.170790e-11			
4.6700000000e+02	1		2		9.194306e-11			
4.6700000000e+02	1		3		9.802035e-11			
4.6700000000e+02	1		4		1.018460e-10			
4.6700000000e+02	1		5		1.052882e-10			
4.6700000000e+02	2		1		9.194306e-11			
4.6700000000e+02	2		2		2.736803e-10			
4.6700000000e+02	2		3		3.538270e-10			
4.6700000000e+02	2		4		3.971357e-10			
4.6700000000e+02	2		5		4.359088e-10			
4.6700000000e+02	3		1		9.802035e-11			
4.6700000000e+02	3		2		3.538270e-10			
4.6700000000e+02	3		3		5.600455e-10			
4.6700000000e+02	3		4		7.008487e-10			
4.6700000000e+02	3		5		8.199131e-10			
4.6700000000e+02	4		1		1.018460e-10			
4.6700000000e+02	4		2		3.971357e-10			
4.6700000000e+02	4		3		7.008487e-10			
4.6700000000e+02	4		4		1.018299e-09			
4.6700000000e+02	4		5		1.330588e-09			
4.6700000000e+02	5		1		1.052882e-10			
4.6700000000e+02	5		2		4.359088e-10			
4.6700000000e+02	5		3		8.199131e-10			
4.6700000000e+02	5		4		1.330588e-09			
4.6700000000e+02	5		5		2.156212e-09			
5.9500000000e+02	1		1		3.679708e-11			
5.9500000000e+02	1		2		6.678419e-11			
5.9500000000e+02	1		3		7.135256e-11			
5.9500000000e+02	1		4		7.423082e-11			
5.9500000000e+02	1		5		7.682019e-11			
5.9500000000e+02	2		1		6.678419e-11			
5.9500000000e+02	2		2		2.058584e-10			
5.9500000000e+02	2		3		2.674489e-10			
5.9500000000e+02	2		4		3.009442e-10			
5.9500000000e+02	2		5		3.309292e-10			
5.9500000000e+02	3		1		7.135256e-11			
5.9500000000e+02	3		2		2.674489e-10			
5.9500000000e+02	3		3		4.232357e-10			
5.9500000000e+02	3		4		5.290086e-10			
5.9500000000e+02	3		5		6.187440e-10			
5.9500000000e+02	4		1		7.423082e-11			
5.9500000000e+02	4		2		3.009442e-10			
5.9500000000e+02	4		3		5.290086e-10			
5.9500000000e+02	4		4		7.618627e-10			
5.9500000000e+02	4		5		9.898327e-10			
5.9500000000e+02	5		1		7.682019e-11			
5.9500000000e+02	5		2		3.309292e-10			
5.9500000000e+02	5		3		6.187440e-10			
5.9500000000e+02	5		4		9.898327e-10			
5.9500000000e+02	5		5		1.576387e-09			
7.5800000000e+02	1		1		2.550233e-11			
7.5800000000e+02	1		2		4.717341e-11			
7.5800000000e+02	1		3		5.037978e-11			
7.5800000000e+02	1		4		5.240901e-11			
7.5800000000e+02	1		5		5.423540e-11			
7.5800000000e+02	2		1		4.717341e-11			
7.5800000000e+02	2		2		1.523661e-10			
7.5800000000e+02	2		3		1.995944e-10			
7.5800000000e+02	2		4		2.253685e-10			
7.5800000000e+02	2		5		2.484403e-10			
7.5800000000e+02	3		1		5.037978e-11			
7.5800000000e+02	3		2		1.995944e-10			
7.5800000000e+02	3		3		3.184511e-10			
7.5800000000e+02	3		4		3.988181e-10			
7.5800000000e+02	3		5		4.672025e-10			
7.5800000000e+02	4		1		5.240901e-11			
7.5800000000e+02	4		2		2.253685e-10			
7.5800000000e+02	4		3		3.988181e-10			
7.5800000000e+02	4		4		5.722453e-10			
7.5800000000e+02	4		5		7.411390e-10			
7.5800000000e+02	5		1		5.423540e-11			
7.5800000000e+02	5		2		2.484403e-10			
7.5800000000e+02	5		3		4.672025e-10			
7.5800000000e+02	5		4		7.411390e-10			
7.5800000000e+02	5		5		1.162496e-09			
9.6600000000e+02	1		1		1.720690e-11			
9.6600000000e+02	1		2		3.231446e-11			
9.6600000000e+02	1		3		3.438892e-11			
9.6600000000e+02	1		4		3.571103e-11			
9.6600000000e+02	1		5		3.690255e-11			
9.6600000000e+02	2		1		3.231446e-11			
9.6600000000e+02	2		2		1.101966e-10			
9.6600000000e+02	2		3		1.459186e-10			
9.6600000000e+02	2		4		1.654107e-10			
9.6600000000e+02	2		5		1.828617e-10			
9.6600000000e+02	3		1		3.438892e-11			
9.6600000000e+02	3		2		1.459186e-10			
9.6600000000e+02	3		3		2.366685e-10			
9.6600000000e+02	3		4		2.979371e-10			
9.6600000000e+02	3		5		3.501793e-10			
9.6600000000e+02	4		1		3.571103e-11			
9.6600000000e+02	4		2		1.654107e-10			
9.6600000000e+02	4		3		2.979371e-10			
9.6600000000e+02	4		4		4.286323e-10			
9.6600000000e+02	4		5		5.553210e-10			
9.6600000000e+02	5		1		3.690255e-11			
9.6600000000e+02	5		2		1.828617e-10			
9.6600000000e+02	5		3		3.501793e-10			
9.6600000000e+02	5		4		5.553210e-10			
9.6600000000e+02	5		5		8.621753e-10			
1.2310000000e+03	1		1		1.133470e-11			
1.2310000000e+03	1		2		2.150828e-11			
1.2310000000e+03	1		3		2.273089e-11			
1.2310000000e+03	1		4		2.351952e-11			
1.2310000000e+03	1		5		2.423209e-11			
1.2310000000e+03	2		1		2.150828e-11			
1.2310000000e+03	2		2		7.758573e-11			
1.2310000000e+03	2		3		1.039789e-10			
1.2310000000e+03	2		4		1.183227e-10			
1.2310000000e+03	2		5		1.311659e-10			
1.2310000000e+03	3		1		2.273089e-11			
1.2310000000e+03	3		2		1.039789e-10			
1.2310000000e+03	3		3		1.726221e-10			
1.2310000000e+03	3		4		2.190502e-10			
1.2310000000e+03	3		5		2.586695e-10			
1.2310000000e+03	4		1		2.351952e-11			
1.2310000000e+03	4		2		1.183227e-10			
1.2310000000e+03	4		3		2.190502e-10			
1.2310000000e+03	4		4		3.180858e-10			
1.2310000000e+03	4		5		4.137950e-10			
1.2310000000e+03	5		1		2.423209e-11			
1.2310000000e+03	5		2		1.311659e-10			
1.2310000000e+03	5		3		2.586695e-10			
1.2310000000e+03	5		4		4.137950e-10			
1.2310000000e+03	5		5		6.404319e-10			
1.5690000000e+03	1		1		7.307310e-12			
1.5690000000e+03	1		2		1.395079e-11			
1.5690000000e+03	1		3		1.460211e-11			
1.5690000000e+03	1		4		1.502968e-11			
1.5690000000e+03	1		5		1.541787e-11			
1.5690000000e+03	2		1		1.395079e-11			
1.5690000000e+03	2		2		5.308126e-11			
1.5690000000e+03	2		3		7.198369e-11			
1.5690000000e+03	2		4		8.217421e-11			
1.5690000000e+03	2		5		9.130156e-11			
1.5690000000e+03	3		1		1.460211e-11			
1.5690000000e+03	3		2		7.198369e-11			
1.5690000000e+03	3		3		1.228673e-10			
1.5690000000e+03	3		4		1.574683e-10			
1.5690000000e+03	3		5		1.869746e-10			
1.5690000000e+03	4		1		1.502968e-11			
1.5690000000e+03	4		2		8.217421e-11			
1.5690000000e+03	4		3		1.574683e-10			
1.5690000000e+03	4		4		2.322007e-10			
1.5690000000e+03	4		5		3.043741e-10			
1.5690000000e+03	5		1		1.541787e-11			
1.5690000000e+03	5		2		9.130156e-11			
1.5690000000e+03	5		3		1.869746e-10			
1.5690000000e+03	5		4		3.043741e-10			
1.5690000000e+03	5		5		4.734039e-10			
2.0000000000e+03	1		1		4.623228e-12			
2.0000000000e+03	1		2		8.857947e-12			
2.0000000000e+03	1		3		9.168830e-12			
2.0000000000e+03	1		4		9.378742e-12			
2.0000000000e+03	1		5		9.571008e-12			
2.0000000000e+03	2		1		8.857947e-12			
2.0000000000e+03	2		2		3.533634e-11			
2.0000000000e+03	2		3		4.842071e-11			
2.0000000000e+03	2		4		5.539444e-11			
2.0000000000e+03	2		5		6.164278e-11			
2.0000000000e+03	3		1		9.168830e-12			
2.0000000000e+03	3		2		4.842071e-11			
2.0000000000e+03	3		3		8.508934e-11			
2.0000000000e+03	3		4		1.102286e-10			
2.0000000000e+03	3		5		1.316181e-10			
2.0000000000e+03	4		1		9.378742e-12			
2.0000000000e+03	4		2		5.539444e-11			
2.0000000000e+03	4		3		1.102286e-10			
2.0000000000e+03	4		4		1.658243e-10			
2.0000000000e+03	4		5		2.196301e-10			
2.0000000000e+03	5		1		9.571008e-12			
2.0000000000e+03	5		2		6.164278e-11			
2.0000000000e+03	5		3		1.316181e-10			
2.0000000000e+03	5		4		2.196301e-10			
2.0000000000e+03	5		5		3.460356e-10			
