#ell		tomo_i	tomo_j	Cell_gg
2.0000000000e+01	1		1		4.900891e-05			
2.0000000000e+01	1		2		5.918723e-06			
2.0000000000e+01	1		3		3.071485e-09			
2.0000000000e+01	1		4		1.549134e-16			
2.0000000000e+01	1		5		1.427466e-30			
2.0000000000e+01	2		1		5.918723e-06			
2.0000000000e+01	2		2		2.405377e-05			
2.0000000000e+01	2		3		3.483156e-06			
2.0000000000e+01	2		4		6.617221e-09			
2.0000000000e+01	2		5		1.821157e-14			
2.0000000000e+01	3		1		3.071485e-09			
2.0000000000e+01	3		2		3.483156e-06			
2.0000000000e+01	3		3		1.426385e-05			
2.0000000000e+01	3		4		2.539669e-06			
2.0000000000e+01	3		5		1.264471e-08			
2.0000000000e+01	4		1		1.549134e-16			
2.0000000000e+01	4		2		6.617221e-09			
2.0000000000e+01	4		3		2.539669e-06			
2.0000000000e+01	4		4		9.757526e-06			
2.0000000000e+01	4		5		2.088588e-06			
2.0000000000e+01	5		1		1.427466e-30			
2.0000000000e+01	5		2		1.821157e-14			
2.0000000000e+01	5		3		1.264471e-08			
2.0000000000e+01	5		4		2.088588e-06			
2.0000000000e+01	5		5		7.346806e-06			
2.5000000000e+01	1		1		4.344145e-05			
2.5000000000e+01	1		2		5.622981e-06			
2.5000000000e+01	1		3		3.064704e-09			
2.5000000000e+01	1		4		1.570366e-16			
2.5000000000e+01	1		5		1.450393e-30			
2.5000000000e+01	2		1		5.622981e-06			
2.5000000000e+01	2		2		2.385355e-05			
2.5000000000e+01	2		3		3.578262e-06			
2.5000000000e+01	2		4		6.960032e-09			
2.5000000000e+01	2		5		1.934758e-14			
2.5000000000e+01	3		1		3.064704e-09			
2.5000000000e+01	3		2		3.578262e-06			
2.5000000000e+01	3		3		1.495186e-05			
2.5000000000e+01	3		4		2.711151e-06			
2.5000000000e+01	3		5		1.368207e-08			
2.5000000000e+01	4		1		1.570366e-16			
2.5000000000e+01	4		2		6.960032e-09			
2.5000000000e+01	4		3		2.711151e-06			
2.5000000000e+01	4		4		1.053671e-05			
2.5000000000e+01	4		5		2.280168e-06			
2.5000000000e+01	5		1		1.450393e-30			
2.5000000000e+01	5		2		1.934758e-14			
2.5000000000e+01	5		3		1.368207e-08			
2.5000000000e+01	5		4		2.280168e-06			
2.5000000000e+01	5		5		8.080712e-06			
3.2000000000e+01	1		1		3.607912e-05			
3.2000000000e+01	1		2		4.953645e-06			
3.2000000000e+01	1		3		2.871544e-09			
3.2000000000e+01	1		4		1.503351e-16			
3.2000000000e+01	1		5		1.392967e-30			
3.2000000000e+01	2		1		4.953645e-06			
3.2000000000e+01	2		2		2.218893e-05			
3.2000000000e+01	2		3		3.491192e-06			
3.2000000000e+01	2		4		7.020966e-09			
3.2000000000e+01	2		5		1.979724e-14			
3.2000000000e+01	3		1		2.871544e-09			
3.2000000000e+01	3		2		3.491192e-06			
3.2000000000e+01	3		3		1.501205e-05			
3.2000000000e+01	3		4		2.793638e-06			
3.2000000000e+01	3		5		1.437304e-08			
3.2000000000e+01	4		1		1.503351e-16			
3.2000000000e+01	4		2		7.020966e-09			
3.2000000000e+01	4		3		2.793638e-06			
3.2000000000e+01	4		4		1.103733e-05			
3.2000000000e+01	4		5		2.425971e-06			
3.2000000000e+01	5		1		1.392967e-30			
3.2000000000e+01	5		2		1.979724e-14			
3.2000000000e+01	5		3		1.437304e-08			
3.2000000000e+01	5		4		2.425971e-06			
3.2000000000e+01	5		5		8.688925e-06			
4.1000000000e+01	1		1		2.938406e-05			
4.1000000000e+01	1		2		4.085483e-06			
4.1000000000e+01	1		3		2.493331e-09			
4.1000000000e+01	1		4		1.335208e-16			
4.1000000000e+01	1		5		1.241608e-30			
4.1000000000e+01	2		1		4.085483e-06			
4.1000000000e+01	2		2		1.916691e-05			
4.1000000000e+01	2		3		3.171672e-06			
4.1000000000e+01	2		4		6.642197e-09			
4.1000000000e+01	2		5		1.906983e-14			
4.1000000000e+01	3		1		2.493331e-09			
4.1000000000e+01	3		2		3.171672e-06			
4.1000000000e+01	3		3		1.412395e-05			
4.1000000000e+01	3		4		2.715871e-06			
4.1000000000e+01	3		5		1.432726e-08			
4.1000000000e+01	4		1		1.335208e-16			
4.1000000000e+01	4		2		6.642197e-09			
4.1000000000e+01	4		3		2.715871e-06			
4.1000000000e+01	4		4		1.096223e-05			
4.1000000000e+01	4		5		2.458985e-06			
4.1000000000e+01	5		1		1.241608e-30			
4.1000000000e+01	5		2		1.906983e-14			
4.1000000000e+01	5		3		1.432726e-08			
4.1000000000e+01	5		4		2.458985e-06			
4.1000000000e+01	5		5		8.930748e-06			
5.2000000000e+01	1		1		2.414737e-05			
5.2000000000e+01	1		2		3.335675e-06			
5.2000000000e+01	1		3		2.053080e-09			
5.2000000000e+01	1		4		1.114336e-16			
5.2000000000e+01	1		5		1.038780e-30			
5.2000000000e+01	2		1		3.335675e-06			
5.2000000000e+01	2		2		1.579109e-05			
5.2000000000e+01	2		3		2.697042e-06			
5.2000000000e+01	2		4		5.864238e-09			
5.2000000000e+01	2		5		1.715694e-14			
5.2000000000e+01	3		1		2.053080e-09			
5.2000000000e+01	3		2		2.697042e-06			
5.2000000000e+01	3		3		1.240913e-05			
5.2000000000e+01	3		4		2.469415e-06			
5.2000000000e+01	3		5		1.340567e-08			
5.2000000000e+01	4		1		1.114336e-16			
5.2000000000e+01	4		2		5.864238e-09			
5.2000000000e+01	4		3		2.469415e-06			
5.2000000000e+01	4		4		1.021538e-05			
5.2000000000e+01	4		5		2.347275e-06			
5.2000000000e+01	5		1		1.038780e-30			
5.2000000000e+01	5		2		1.715694e-14			
5.2000000000e+01	5		3		1.340567e-08			
5.2000000000e+01	5		4		2.347275e-06			
5.2000000000e+01	5		5		8.670945e-06			
6.7000000000e+01	1		1		1.866492e-05			
6.7000000000e+01	1		2		2.751014e-06			
6.7000000000e+01	1		3		1.658251e-09			
6.7000000000e+01	1		4		8.935761e-17			
6.7000000000e+01	1		5		8.325495e-31			
6.7000000000e+01	2		1		2.751014e-06			
6.7000000000e+01	2		2		1.280590e-05			
6.7000000000e+01	2		3		2.168986e-06			
6.7000000000e+01	2		4		4.797900e-09			
6.7000000000e+01	2		5		1.423342e-14			
6.7000000000e+01	3		1		1.658251e-09			
6.7000000000e+01	3		2		2.168986e-06			
6.7000000000e+01	3		3		1.013291e-05			
6.7000000000e+01	3		4		2.069074e-06			
6.7000000000e+01	3		5		1.155219e-08			
6.7000000000e+01	4		1		8.935761e-17			
6.7000000000e+01	4		2		4.797900e-09			
6.7000000000e+01	4		3		2.069074e-06			
6.7000000000e+01	4		4		8.768849e-06			
6.7000000000e+01	4		5		2.068905e-06			
6.7000000000e+01	5		1		8.325495e-31			
6.7000000000e+01	5		2		1.423342e-14			
6.7000000000e+01	5		3		1.155219e-08			
6.7000000000e+01	5		4		2.068905e-06			
6.7000000000e+01	5		5		7.800382e-06			
8.5000000000e+01	1		1		1.369618e-05			
8.5000000000e+01	1		2		2.175245e-06			
8.5000000000e+01	1		3		1.390965e-09			
8.5000000000e+01	1		4		7.489409e-17			
8.5000000000e+01	1		5		6.969795e-31			
8.5000000000e+01	2		1		2.175245e-06			
8.5000000000e+01	2		2		1.064851e-05			
8.5000000000e+01	2		3		1.799121e-06			
8.5000000000e+01	2		4		3.913031e-09			
8.5000000000e+01	2		5		1.156147e-14			
8.5000000000e+01	3		1		1.390965e-09			
8.5000000000e+01	3		2		1.799121e-06			
8.5000000000e+01	3		3		8.287482e-06			
8.5000000000e+01	3		4		1.683533e-06			
8.5000000000e+01	3		5		9.480103e-09			
8.5000000000e+01	4		1		7.489409e-17			
8.5000000000e+01	4		2		3.913031e-09			
8.5000000000e+01	4		3		1.683533e-06			
8.5000000000e+01	4		4		7.188095e-06			
8.5000000000e+01	4		5		1.720297e-06			
8.5000000000e+01	5		1		6.969795e-31			
8.5000000000e+01	5		2		1.156147e-14			
8.5000000000e+01	5		3		9.480103e-09			
8.5000000000e+01	5		4		1.720297e-06			
8.5000000000e+01	5		5		6.581543e-06			
1.0900000000e+02	1		1		9.913445e-06			
1.0900000000e+02	1		2		1.528463e-06			
1.0900000000e+02	1		3		1.062546e-09			
1.0900000000e+02	1		4		5.977047e-17			
1.0900000000e+02	1		5		5.596373e-31			
1.0900000000e+02	2		1		1.528463e-06			
1.0900000000e+02	2		2		8.053820e-06			
1.0900000000e+02	2		3		1.472647e-06			
1.0900000000e+02	2		4		3.260788e-09			
1.0900000000e+02	2		5		9.589491e-15			
1.0900000000e+02	3		1		1.062546e-09			
1.0900000000e+02	3		2		1.472647e-06			
1.0900000000e+02	3		3		6.888377e-06			
1.0900000000e+02	3		4		1.388682e-06			
1.0900000000e+02	3		5		7.710003e-09			
1.0900000000e+02	4		1		5.977047e-17			
1.0900000000e+02	4		2		3.260788e-09			
1.0900000000e+02	4		3		1.388682e-06			
1.0900000000e+02	4		4		5.858383e-06			
1.0900000000e+02	4		5		1.388786e-06			
1.0900000000e+02	5		1		5.596373e-31			
1.0900000000e+02	5		2		9.589491e-15			
1.0900000000e+02	5		3		7.710003e-09			
1.0900000000e+02	5		4		1.388786e-06			
1.0900000000e+02	5		5		5.305235e-06			
1.3900000000e+02	1		1		7.169067e-06			
1.3900000000e+02	1		2		1.139565e-06			
1.3900000000e+02	1		3		7.422242e-10			
1.3900000000e+02	1		4		4.163014e-17			
1.3900000000e+02	1		5		3.907593e-31			
1.3900000000e+02	2		1		1.139565e-06			
1.3900000000e+02	2		2		5.720016e-06			
1.3900000000e+02	2		3		1.064724e-06			
1.3900000000e+02	2		4		2.553859e-09			
1.3900000000e+02	2		5		7.779121e-15			
1.3900000000e+02	3		1		7.422242e-10			
1.3900000000e+02	3		2		1.064724e-06			
1.3900000000e+02	3		3		5.334989e-06			
1.3900000000e+02	3		4		1.139406e-06			
1.3900000000e+02	3		5		6.457512e-09			
1.3900000000e+02	4		1		4.163014e-17			
1.3900000000e+02	4		2		2.553859e-09			
1.3900000000e+02	4		3		1.139406e-06			
1.3900000000e+02	4		4		4.892870e-06			
1.3900000000e+02	4		5		1.162423e-06			
1.3900000000e+02	5		1		3.907593e-31			
1.3900000000e+02	5		2		7.779121e-15			
1.3900000000e+02	5		3		6.457512e-09			
1.3900000000e+02	5		4		1.162423e-06			
1.3900000000e+02	5		5		4.408969e-06			
1.7700000000e+02	1		1		5.116019e-06			
1.7700000000e+02	1		2		8.074361e-07			
1.7700000000e+02	1		3		5.628419e-10			
1.7700000000e+02	1		4		3.131805e-17			
1.7700000000e+02	1		5		2.925782e-31			
1.7700000000e+02	2		1		8.074361e-07			
1.7700000000e+02	2		2		4.255582e-06			
1.7700000000e+02	2		3		7.695372e-07			
1.7700000000e+02	2		4		1.772426e-09			
1.7700000000e+02	2		5		5.449854e-15			
1.7700000000e+02	3		1		5.628419e-10			
1.7700000000e+02	3		2		7.695372e-07			
1.7700000000e+02	3		3		3.733002e-06			
1.7700000000e+02	3		4		8.152235e-07			
1.7700000000e+02	3		5		4.903050e-09			
1.7700000000e+02	4		1		3.131805e-17			
1.7700000000e+02	4		2		1.772426e-09			
1.7700000000e+02	4		3		8.152235e-07			
1.7700000000e+02	4		4		3.684013e-06			
1.7700000000e+02	4		5		9.233677e-07			
1.7700000000e+02	5		1		2.925782e-31			
1.7700000000e+02	5		2		5.449854e-15			
1.7700000000e+02	5		3		4.903050e-09			
1.7700000000e+02	5		4		9.233677e-07			
1.7700000000e+02	5		5		3.611359e-06			
2.2500000000e+02	1		1		3.681843e-06			
2.2500000000e+02	1		2		5.795167e-07			
2.2500000000e+02	1		3		3.901452e-10			
2.2500000000e+02	1		4		2.198499e-17			
2.2500000000e+02	1		5		2.065781e-31			
2.2500000000e+02	2		1		5.795167e-07			
2.2500000000e+02	2		2		2.996424e-06			
2.2500000000e+02	2		3		5.656087e-07			
2.2500000000e+02	2		4		1.346709e-09			
2.2500000000e+02	2		5		4.050717e-15			
2.2500000000e+02	3		1		3.901452e-10			
2.2500000000e+02	3		2		5.656087e-07			
2.2500000000e+02	3		3		2.815757e-06			
2.2500000000e+02	3		4		5.925408e-07			
2.2500000000e+02	3		5		3.407000e-09			
2.2500000000e+02	4		1		2.198499e-17			
2.2500000000e+02	4		2		1.346709e-09			
2.2500000000e+02	4		3		5.925408e-07			
2.2500000000e+02	4		4		2.578566e-06			
2.2500000000e+02	4		5		6.404165e-07			
2.2500000000e+02	5		1		2.065781e-31			
2.2500000000e+02	5		2		4.050717e-15			
2.2500000000e+02	5		3		3.407000e-09			
2.2500000000e+02	5		4		6.404165e-07			
2.2500000000e+02	5		5		2.562253e-06			
2.8700000000e+02	1		1		2.663343e-06			
2.8700000000e+02	1		2		4.104868e-07			
2.8700000000e+02	1		3		2.785120e-10			
2.8700000000e+02	1		4		1.577648e-17			
2.8700000000e+02	1		5		1.480484e-31			
2.8700000000e+02	2		1		4.104868e-07			
2.8700000000e+02	2		2		2.127254e-06			
2.8700000000e+02	2		3		3.953506e-07			
2.8700000000e+02	2		4		9.240814e-10			
2.8700000000e+02	2		5		2.857853e-15			
2.8700000000e+02	3		1		2.785120e-10			
2.8700000000e+02	3		2		3.953506e-07			
2.8700000000e+02	3		3		1.945082e-06			
2.8700000000e+02	3		4		4.292268e-07			
2.8700000000e+02	3		5		2.587274e-09			
2.8700000000e+02	4		1		1.577648e-17			
2.8700000000e+02	4		2		9.240814e-10			
2.8700000000e+02	4		3		4.292268e-07			
2.8700000000e+02	4		4		1.942437e-06			
2.8700000000e+02	4		5		4.811652e-07			
2.8700000000e+02	5		1		1.480484e-31			
2.8700000000e+02	5		2		2.857853e-15			
2.8700000000e+02	5		3		2.587274e-09			
2.8700000000e+02	5		4		4.811652e-07			
2.8700000000e+02	5		5		1.861101e-06			
3.6600000000e+02	1		1		1.959987e-06			
3.6600000000e+02	1		2		2.941550e-07			
3.6600000000e+02	1		3		1.965552e-10			
3.6600000000e+02	1		4		1.102054e-17			
3.6600000000e+02	1		5		1.032451e-31			
3.6600000000e+02	2		1		2.941550e-07			
3.6600000000e+02	2		2		1.502201e-06			
3.6600000000e+02	2		3		2.765333e-07			
3.6600000000e+02	2		4		6.585118e-10			
3.6600000000e+02	2		5		2.030256e-15			
3.6600000000e+02	3		1		1.965552e-10			
3.6600000000e+02	3		2		2.765333e-07			
3.6600000000e+02	3		3		1.377736e-06			
3.6600000000e+02	3		4		2.997276e-07			
3.6600000000e+02	3		5		1.746849e-09			
3.6600000000e+02	4		1		1.102054e-17			
3.6600000000e+02	4		2		6.585118e-10			
3.6600000000e+02	4		3		2.997276e-07			
3.6600000000e+02	4		4		1.320545e-06			
3.6600000000e+02	4		5		3.297995e-07			
3.6600000000e+02	5		1		1.032451e-31			
3.6600000000e+02	5		2		2.030256e-15			
3.6600000000e+02	5		3		1.746849e-09			
3.6600000000e+02	5		4		3.297995e-07			
3.6600000000e+02	5		5		1.329849e-06			
4.6700000000e+02	1		1		1.472017e-06			
4.6700000000e+02	1		2		2.141292e-07			
4.6700000000e+02	1		3		1.398062e-10			
4.6700000000e+02	1		4		7.781619e-18			
4.6700000000e+02	1		5		7.285703e-32			
4.6700000000e+02	2		1		2.141292e-07			
4.6700000000e+02	2		2		1.071459e-06			
4.6700000000e+02	2		3		1.947275e-07			
4.6700000000e+02	2		4		4.574815e-10			
4.6700000000e+02	2		5		1.396864e-15			
4.6700000000e+02	3		1		1.398062e-10			
4.6700000000e+02	3		2		1.947275e-07			
4.6700000000e+02	3		3		9.590258e-07			
4.6700000000e+02	3		4		2.066009e-07			
4.6700000000e+02	3		5		1.224333e-09			
4.6700000000e+02	4		1		7.781619e-18			
4.6700000000e+02	4		2		4.574815e-10			
4.6700000000e+02	4		3		2.066009e-07			
4.6700000000e+02	4		4		9.225043e-07			
4.6700000000e+02	4		5		2.334053e-07			
4.6700000000e+02	5		1		7.285703e-32			
4.6700000000e+02	5		2		1.396864e-15			
4.6700000000e+02	5		3		1.224333e-09			
4.6700000000e+02	5		4		2.334053e-07			
4.6700000000e+02	5		5		9.268181e-07			
5.9500000000e+02	1		1		1.129118e-06			
5.9500000000e+02	1		2		1.595497e-07			
5.9500000000e+02	1		3		1.013872e-10			
5.9500000000e+02	1		4		5.586589e-18			
5.9500000000e+02	1		5		5.223239e-32			
5.9500000000e+02	2		1		1.595497e-07			
5.9500000000e+02	2		2		7.789638e-07			
5.9500000000e+02	2		3		1.387209e-07			
5.9500000000e+02	2		4		3.206062e-10			
5.9500000000e+02	2		5		9.745623e-16			
5.9500000000e+02	3		1		1.013872e-10			
5.9500000000e+02	3		2		1.387209e-07			
5.9500000000e+02	3		3		6.739239e-07			
5.9500000000e+02	3		4		1.440715e-07			
5.9500000000e+02	3		5		8.484439e-10			
5.9500000000e+02	4		1		5.586589e-18			
5.9500000000e+02	4		2		3.206062e-10			
5.9500000000e+02	4		3		1.440715e-07			
5.9500000000e+02	4		4		6.396050e-07			
5.9500000000e+02	4		5		1.598384e-07			
5.9500000000e+02	5		1		5.223239e-32			
5.9500000000e+02	5		2		9.745623e-16			
5.9500000000e+02	5		3		8.484439e-10			
5.9500000000e+02	5		4		1.598384e-07			
5.9500000000e+02	5		5		6.305304e-07			
7.5800000000e+02	1		1		8.763336e-07			
7.5800000000e+02	1		2		1.214830e-07			
7.5800000000e+02	1		3		7.515599e-11			
7.5800000000e+02	1		4		4.097488e-18			
7.5800000000e+02	1		5		3.824410e-32			
7.5800000000e+02	2		1		1.214830e-07			
7.5800000000e+02	2		2		5.787417e-07			
7.5800000000e+02	2		3		1.006064e-07			
7.5800000000e+02	2		4		2.279892e-10			
7.5800000000e+02	2		5		6.871761e-16			
7.5800000000e+02	3		1		7.515599e-11			
7.5800000000e+02	3		2		1.006064e-07			
7.5800000000e+02	3		3		4.804771e-07			
7.5800000000e+02	3		4		1.012364e-07			
7.5800000000e+02	3		5		5.885833e-10			
7.5800000000e+02	4		1		4.097488e-18			
7.5800000000e+02	4		2		2.279892e-10			
7.5800000000e+02	4		3		1.012364e-07			
7.5800000000e+02	4		4		4.445560e-07			
7.5800000000e+02	4		5		1.099473e-07			
7.5800000000e+02	5		1		3.824410e-32			
7.5800000000e+02	5		2		6.871761e-16			
7.5800000000e+02	5		3		5.885833e-10			
7.5800000000e+02	5		4		1.099473e-07			
7.5800000000e+02	5		5		4.328640e-07			
9.6600000000e+02	1		1		6.790153e-07			
9.6600000000e+02	1		2		9.390311e-08			
9.6600000000e+02	1		3		5.692699e-11			
9.6600000000e+02	1		4		3.072689e-18			
9.6600000000e+02	1		5		2.863092e-32			
9.6600000000e+02	2		1		9.390311e-08			
9.6600000000e+02	2		2		4.390420e-07			
9.6600000000e+02	2		3		7.457507e-08			
9.6600000000e+02	2		4		1.653784e-10			
9.6600000000e+02	2		5		4.932545e-16			
9.6600000000e+02	3		1		5.692699e-11			
9.6600000000e+02	3		2		7.457507e-08			
9.6600000000e+02	3		3		3.494118e-07			
9.6600000000e+02	3		4		7.223244e-08			
9.6600000000e+02	3		5		4.136028e-10			
9.6600000000e+02	4		1		3.072689e-18			
9.6600000000e+02	4		2		1.653784e-10			
9.6600000000e+02	4		3		7.223244e-08			
9.6600000000e+02	4		4		3.129732e-07			
9.6600000000e+02	4		5		7.635654e-08			
9.6600000000e+02	5		1		2.863092e-32			
9.6600000000e+02	5		2		4.932545e-16			
9.6600000000e+02	5		3		4.136028e-10			
9.6600000000e+02	5		4		7.635654e-08			
9.6600000000e+02	5		5		2.983585e-07			
1.2310000000e+03	1		1		5.175756e-07			
1.2310000000e+03	1		2		7.282828e-08			
1.2310000000e+03	1		3		4.382650e-11			
1.2310000000e+03	1		4		2.349848e-18			
1.2310000000e+03	1		5		2.186852e-32			
1.2310000000e+03	2		1		7.282828e-08			
1.2310000000e+03	2		2		3.380411e-07			
1.2310000000e+03	2		3		5.648344e-08			
1.2310000000e+03	2		4		1.227545e-10			
1.2310000000e+03	2		5		3.621847e-16			
1.2310000000e+03	3		1		4.382650e-11			
1.2310000000e+03	3		2		5.648344e-08			
1.2310000000e+03	3		3		2.599803e-07			
1.2310000000e+03	3		4		5.268525e-08			
1.2310000000e+03	3		5		2.962645e-10			
1.2310000000e+03	4		1		2.349848e-18			
1.2310000000e+03	4		2		1.227545e-10			
1.2310000000e+03	4		3		5.268525e-08			
1.2310000000e+03	4		4		2.247266e-07			
1.2310000000e+03	4		5		5.396183e-08			
1.2310000000e+03	5		1		2.186852e-32			
1.2310000000e+03	5		2		3.621847e-16			
1.2310000000e+03	5		3		2.962645e-10			
1.2310000000e+03	5		4		5.396183e-08			
1.2310000000e+03	5		5		2.083243e-07			
1.5690000000e+03	1		1		3.829273e-07			
1.5690000000e+03	1		2		5.575500e-08			
1.5690000000e+03	1		3		3.387487e-11			
1.5690000000e+03	1		4		1.814324e-18			
1.5690000000e+03	1		5		1.687746e-32			
1.5690000000e+03	2		1		5.575500e-08			
1.5690000000e+03	2		2		2.608296e-07			
1.5690000000e+03	2		3		4.338805e-08			
1.5690000000e+03	2		4		9.300137e-11			
1.5690000000e+03	2		5		2.719465e-16			
1.5690000000e+03	3		1		3.387487e-11			
1.5690000000e+03	3		2		4.338805e-08			
1.5690000000e+03	3		3		1.972796e-07			
1.5690000000e+03	3		4		3.931093e-08			
1.5690000000e+03	3		5		2.171532e-10			
1.5690000000e+03	4		1		1.814324e-18			
1.5690000000e+03	4		2		9.300137e-11			
1.5690000000e+03	4		3		3.931093e-08			
1.5690000000e+03	4		4		1.651122e-07			
1.5690000000e+03	4		5		3.897427e-08			
1.5690000000e+03	5		1		1.687746e-32			
1.5690000000e+03	5		2		2.719465e-16			
1.5690000000e+03	5		3		2.171532e-10			
1.5690000000e+03	5		4		3.897427e-08			
1.5690000000e+03	5		5		1.484176e-07			
2.0000000000e+03	1		1		2.730159e-07			
2.0000000000e+03	1		2		4.149267e-08			
2.0000000000e+03	1		3		2.586797e-11			
2.0000000000e+03	1		4		1.393293e-18			
2.0000000000e+03	1		5		1.296889e-32			
2.0000000000e+03	2		1		4.149267e-08			
2.0000000000e+03	2		2		1.985252e-07			
2.0000000000e+03	2		3		3.336719e-08			
2.0000000000e+03	2		4		7.131233e-11			
2.0000000000e+03	2		5		2.075340e-16			
2.0000000000e+03	3		1		2.586797e-11			
2.0000000000e+03	3		2		3.336719e-08			
2.0000000000e+03	3		3		1.512953e-07			
2.0000000000e+03	3		4		2.986597e-08			
2.0000000000e+03	3		5		1.627174e-10			
2.0000000000e+03	4		1		1.393293e-18			
2.0000000000e+03	4		2		7.131233e-11			
2.0000000000e+03	4		3		2.986597e-08			
2.0000000000e+03	4		4		1.239528e-07			
2.0000000000e+03	4		5		2.881807e-08			
2.0000000000e+03	5		1		1.296889e-32			
2.0000000000e+03	5		2		2.075340e-16			
2.0000000000e+03	5		3		1.627174e-10			
2.0000000000e+03	5		4		2.881807e-08			
2.0000000000e+03	5		5		1.082668e-07			
