#ell		tomo_i	tomo_j	Cell_gkappa
2.0000000000e+01	1		1		7.637802e-10			
2.0000000000e+01	1		2		3.867249e-07			
2.0000000000e+01	1		3		7.141704e-07			
2.0000000000e+01	1		4		9.049780e-07			
2.0000000000e+01	1		5		1.074842e-06			
2.0000000000e+01	2		1		-4.659399e-09			
2.0000000000e+01	2		2		4.115402e-09			
2.0000000000e+01	2		3		2.084221e-07			
2.0000000000e+01	2		4		4.307210e-07			
2.0000000000e+01	2		5		6.215063e-07			
2.0000000000e+01	3		1		-1.963932e-11			
2.0000000000e+01	3		2		-3.261421e-09			
2.0000000000e+01	3		3		5.576902e-09			
2.0000000000e+01	3		4		1.521554e-07			
2.0000000000e+01	3		5		3.426929e-07			
2.0000000000e+01	4		1		-2.463293e-16			
2.0000000000e+01	4		2		-3.429756e-11			
2.0000000000e+01	4		3		-2.904213e-09			
2.0000000000e+01	4		4		2.233709e-08			
2.0000000000e+01	4		5		1.852530e-07			
2.0000000000e+01	5		1		-4.215998e-27			
2.0000000000e+01	5		2		-8.166349e-15			
2.0000000000e+01	5		3		-8.943181e-11			
2.0000000000e+01	5		4		-2.671676e-09			
2.0000000000e+01	5		5		9.065696e-08			
2.5000000000e+01	1		1		-1.080558e-09			
2.5000000000e+01	1		2		3.349796e-07			
2.5000000000e+01	1		3		6.295141e-07			
2.5000000000e+01	1		4		8.012146e-07			
2.5000000000e+01	1		5		9.540302e-07			
2.5000000000e+01	2		1		-4.455648e-09			
2.5000000000e+01	2		2		3.121672e-09			
2.5000000000e+01	2		3		2.035661e-07			
2.5000000000e+01	2		4		4.249606e-07			
2.5000000000e+01	2		5		6.149639e-07			
2.5000000000e+01	3		1		-1.991392e-11			
2.5000000000e+01	3		2		-3.364459e-09			
2.5000000000e+01	3		3		5.517715e-09			
2.5000000000e+01	3		4		1.586634e-07			
2.5000000000e+01	3		5		3.588357e-07			
2.5000000000e+01	4		1		-2.542320e-16			
2.5000000000e+01	4		2		-3.639934e-11			
2.5000000000e+01	4		3		-3.114242e-09			
2.5000000000e+01	4		4		2.390861e-08			
2.5000000000e+01	4		5		1.999139e-07			
2.5000000000e+01	5		1		-4.361389e-27			
2.5000000000e+01	5		2		-8.769711e-15			
2.5000000000e+01	5		3		-9.742675e-11			
2.5000000000e+01	5		4		-2.946038e-09			
2.5000000000e+01	5		5		9.964632e-08			
3.2000000000e+01	1		1		-1.323504e-09			
3.2000000000e+01	1		2		2.755820e-07			
3.2000000000e+01	1		3		5.234351e-07			
3.2000000000e+01	1		4		6.680699e-07			
3.2000000000e+01	1		5		7.967660e-07			
3.2000000000e+01	2		1		-3.955895e-09			
3.2000000000e+01	2		2		1.827887e-09			
3.2000000000e+01	2		3		1.856517e-07			
3.2000000000e+01	2		4		3.928060e-07			
3.2000000000e+01	2		5		5.705964e-07			
3.2000000000e+01	3		1		-1.906419e-11			
3.2000000000e+01	3		2		-3.299712e-09			
3.2000000000e+01	3		3		5.078171e-09			
3.2000000000e+01	3		4		1.580264e-07			
3.2000000000e+01	3		5		3.595244e-07			
3.2000000000e+01	4		1		-2.494242e-16			
3.2000000000e+01	4		2		-3.716487e-11			
3.2000000000e+01	4		3		-3.227231e-09			
3.2000000000e+01	4		4		2.471068e-08			
3.2000000000e+01	4		5		2.090652e-07			
3.2000000000e+01	5		1		-4.292952e-27			
3.2000000000e+01	5		2		-9.106189e-15			
3.2000000000e+01	5		3		-1.032639e-10			
3.2000000000e+01	5		4		-3.176679e-09			
3.2000000000e+01	5		5		1.069664e-07			
4.1000000000e+01	1		1		-1.200706e-09			
4.1000000000e+01	1		2		2.244890e-07			
4.1000000000e+01	1		3		4.266556e-07			
4.1000000000e+01	1		4		5.447314e-07			
4.1000000000e+01	1		5		6.497856e-07			
4.1000000000e+01	2		1		-3.282976e-09			
4.1000000000e+01	2		2		8.315119e-10			
4.1000000000e+01	2		3		1.575912e-07			
4.1000000000e+01	2		4		3.378097e-07			
4.1000000000e+01	2		5		4.925182e-07			
4.1000000000e+01	3		1		-1.693921e-11			
4.1000000000e+01	3		2		-3.015568e-09			
4.1000000000e+01	3		3		4.260507e-09			
4.1000000000e+01	3		4		1.471905e-07			
4.1000000000e+01	3		5		3.373733e-07			
4.1000000000e+01	4		1		-2.278599e-16			
4.1000000000e+01	4		2		-3.569035e-11			
4.1000000000e+01	4		3		-3.159045e-09			
4.1000000000e+01	4		4		2.410484e-08			
4.1000000000e+01	4		5		2.071168e-07			
4.1000000000e+01	5		1		-3.937114e-27			
4.1000000000e+01	5		2		-8.935424e-15			
4.1000000000e+01	5		3		-1.040965e-10			
4.1000000000e+01	5		4		-3.275178e-09			
4.1000000000e+01	5		5		1.096496e-07			
5.2000000000e+01	1		1		-2.051263e-09			
5.2000000000e+01	1		2		1.810573e-07			
5.2000000000e+01	1		3		3.467545e-07			
5.2000000000e+01	1		4		4.434592e-07			
5.2000000000e+01	1		5		5.295006e-07			
5.2000000000e+01	2		1		-2.682167e-09			
5.2000000000e+01	2		2		5.699800e-10			
5.2000000000e+01	2		3		1.292171e-07			
5.2000000000e+01	2		4		2.785533e-07			
5.2000000000e+01	2		5		4.068036e-07			
5.2000000000e+01	3		1		-1.415731e-11			
5.2000000000e+01	3		2		-2.577934e-09			
5.2000000000e+01	3		3		3.330934e-09			
5.2000000000e+01	3		4		1.281176e-07			
5.2000000000e+01	3		5		2.958530e-07			
5.2000000000e+01	4		1		-1.944433e-16			
5.2000000000e+01	4		2		-3.201102e-11			
5.2000000000e+01	4		3		-2.894274e-09			
5.2000000000e+01	4		4		2.199573e-08			
5.2000000000e+01	4		5		1.924419e-07			
5.2000000000e+01	5		1		-3.370983e-27			
5.2000000000e+01	5		2		-8.205827e-15			
5.2000000000e+01	5		3		-9.868994e-11			
5.2000000000e+01	5		4		-3.190419e-09			
5.2000000000e+01	5		5		1.060934e-07			
6.7000000000e+01	1		1		-2.437369e-09			
6.7000000000e+01	1		2		1.355764e-07			
6.7000000000e+01	1		3		2.658230e-07			
6.7000000000e+01	1		4		3.417915e-07			
6.7000000000e+01	1		5		4.093706e-07			
6.7000000000e+01	2		1		-2.207529e-09			
6.7000000000e+01	2		2		6.290365e-10			
6.7000000000e+01	2		3		1.054782e-07			
6.7000000000e+01	2		4		2.264813e-07			
6.7000000000e+01	2		5		3.304218e-07			
6.7000000000e+01	3		1		-1.137763e-11			
6.7000000000e+01	3		2		-2.077697e-09			
6.7000000000e+01	3		3		2.563326e-09			
6.7000000000e+01	3		4		1.041694e-07			
6.7000000000e+01	3		5		2.416721e-07			
6.7000000000e+01	4		1		-1.562147e-16			
6.7000000000e+01	4		2		-2.650956e-11			
6.7000000000e+01	4		3		-2.442499e-09			
6.7000000000e+01	4		4		1.848722e-08			
6.7000000000e+01	4		5		1.647763e-07			
6.7000000000e+01	5		1		-2.710624e-27			
6.7000000000e+01	5		2		-6.934466e-15			
6.7000000000e+01	5		3		-8.629803e-11			
6.7000000000e+01	5		4		-2.880137e-09			
6.7000000000e+01	5		5		9.505080e-08			
8.5000000000e+01	1		1		-1.722627e-09			
8.5000000000e+01	1		2		9.930814e-08			
8.5000000000e+01	1		3		1.963868e-07			
8.5000000000e+01	1		4		2.531508e-07			
8.5000000000e+01	1		5		3.036284e-07			
8.5000000000e+01	2		1		-1.760671e-09			
8.5000000000e+01	2		2		8.673511e-11			
8.5000000000e+01	2		3		8.641963e-08			
8.5000000000e+01	2		4		1.867180e-07			
8.5000000000e+01	2		5		2.728278e-07			
8.5000000000e+01	3		1		-9.514880e-12			
8.5000000000e+01	3		2		-1.719354e-09			
8.5000000000e+01	3		3		2.208932e-09			
8.5000000000e+01	3		4		8.555707e-08			
8.5000000000e+01	3		5		1.980501e-07			
8.5000000000e+01	4		1		-1.293680e-16			
8.5000000000e+01	4		2		-2.156870e-11			
8.5000000000e+01	4		3		-1.990816e-09			
8.5000000000e+01	4		4		1.504797e-08			
8.5000000000e+01	4		5		1.350639e-07			
8.5000000000e+01	5		1		-2.240708e-27			
8.5000000000e+01	5		2		-5.645920e-15			
8.5000000000e+01	5		3		-7.140804e-11			
8.5000000000e+01	5		4		-2.435094e-09			
8.5000000000e+01	5		5		7.998333e-08			
1.0900000000e+02	1		1		-1.334421e-09			
1.0900000000e+02	1		2		7.186359e-08			
1.0900000000e+02	1		3		1.415927e-07			
1.0900000000e+02	1		4		1.823600e-07			
1.0900000000e+02	1		5		2.186139e-07			
1.0900000000e+02	2		1		-1.248360e-09			
1.0900000000e+02	2		2		-3.773783e-10			
1.0900000000e+02	2		3		6.348746e-08			
1.0900000000e+02	2		4		1.403259e-07			
1.0900000000e+02	2		5		2.063035e-07			
1.0900000000e+02	3		1		-7.570857e-12			
1.0900000000e+02	3		2		-1.412275e-09			
1.0900000000e+02	3		3		1.734903e-09			
1.0900000000e+02	3		4		7.081518e-08			
1.0900000000e+02	3		5		1.640480e-07			
1.0900000000e+02	4		1		-1.068284e-16			
1.0900000000e+02	4		2		-1.789532e-11			
1.0900000000e+02	4		3		-1.636401e-09			
1.0900000000e+02	4		4		1.239160e-08			
1.0900000000e+02	4		5		1.102669e-07			
1.0900000000e+02	5		1		-1.856174e-27			
1.0900000000e+02	5		2		-4.636742e-15			
1.0900000000e+02	5		3		-5.778145e-11			
1.0900000000e+02	5		4		-1.961268e-09			
1.0900000000e+02	5		5		6.452483e-08			
1.3900000000e+02	1		1		-9.857510e-10			
1.3900000000e+02	1		2		5.162704e-08			
1.3900000000e+02	1		3		1.024795e-07			
1.3900000000e+02	1		4		1.322015e-07			
1.3900000000e+02	1		5		1.586320e-07			
1.3900000000e+02	2		1		-9.230603e-10			
1.3900000000e+02	2		2		-7.158496e-11			
1.3900000000e+02	2		3		4.577612e-08			
1.3900000000e+02	2		4		1.006092e-07			
1.3900000000e+02	2		5		1.477561e-07			
1.3900000000e+02	3		1		-5.321447e-12			
1.3900000000e+02	3		2		-1.032480e-09			
1.3900000000e+02	3		3		9.980745e-10			
1.3900000000e+02	3		4		5.378938e-08			
1.3900000000e+02	3		5		1.264303e-07			
1.3900000000e+02	4		1		-7.746587e-17			
1.3900000000e+02	4		2		-1.440460e-11			
1.3900000000e+02	4		3		-1.351722e-09			
1.3900000000e+02	4		4		1.020685e-08			
1.3900000000e+02	4		5		9.176406e-08			
1.3900000000e+02	5		1		-1.355905e-27			
1.3900000000e+02	5		2		-3.850402e-15			
1.3900000000e+02	5		3		-4.841006e-11			
1.3900000000e+02	5		4		-1.629317e-09			
1.3900000000e+02	5		5		5.369266e-08			
1.7700000000e+02	1		1		-6.628568e-10			
1.7700000000e+02	1		2		3.705683e-08			
1.7700000000e+02	1		3		7.326212e-08			
1.7700000000e+02	1		4		9.443939e-08			
1.7700000000e+02	1		5		1.132704e-07			
1.7700000000e+02	2		1		-6.600764e-10			
1.7700000000e+02	2		2		-2.001505e-10			
1.7700000000e+02	2		3		3.359054e-08			
1.7700000000e+02	2		4		7.409093e-08			
1.7700000000e+02	2		5		1.088688e-07			
1.7700000000e+02	3		1		-3.969719e-12			
1.7700000000e+02	3		2		-7.410646e-10			
1.7700000000e+02	3		3		8.008900e-10			
1.7700000000e+02	3		4		3.797711e-08			
1.7700000000e+02	3		5		8.917546e-08			
1.7700000000e+02	4		1		-5.550184e-17			
1.7700000000e+02	4		2		-1.011225e-11			
1.7700000000e+02	4		3		-9.811925e-10			
1.7700000000e+02	4		4		7.347678e-09			
1.7700000000e+02	4		5		6.874070e-08			
1.7700000000e+02	5		1		-9.647640e-28			
1.7700000000e+02	5		2		-2.796092e-15			
1.7700000000e+02	5		3		-3.786792e-11			
1.7700000000e+02	5		4		-1.342453e-09			
1.7700000000e+02	5		5		4.366770e-08			
2.2500000000e+02	1		1		-4.292444e-10			
2.2500000000e+02	1		2		2.684331e-08			
2.2500000000e+02	1		3		5.288858e-08			
2.2500000000e+02	1		4		6.812236e-08			
2.2500000000e+02	1		5		8.166895e-08			
2.2500000000e+02	2		1		-4.717257e-10			
2.2500000000e+02	2		2		-1.022478e-10			
2.2500000000e+02	2		3		2.375175e-08			
2.2500000000e+02	2		4		5.251582e-08			
2.2500000000e+02	2		5		7.724632e-08			
2.2500000000e+02	3		1		-2.813439e-12			
2.2500000000e+02	3		2		-5.482678e-10			
2.2500000000e+02	3		3		5.453974e-10			
2.2500000000e+02	3		4		2.844815e-08			
2.2500000000e+02	3		5		6.668732e-08			
2.2500000000e+02	4		1		-4.127338e-17			
2.2500000000e+02	4		2		-7.526259e-12			
2.2500000000e+02	4		3		-7.042436e-10			
2.2500000000e+02	4		4		5.299856e-09			
2.2500000000e+02	4		5		4.844731e-08			
2.2500000000e+02	5		1		-7.230574e-28			
2.2500000000e+02	5		2		-1.995139e-15			
2.2500000000e+02	5		3		-2.622250e-11			
2.2500000000e+02	5		4		-9.529354e-10			
2.2500000000e+02	5		5		3.089160e-08			
2.8700000000e+02	1		1		-2.598709e-10			
2.8700000000e+02	1		2		1.962704e-08			
2.8700000000e+02	1		3		3.838400e-08			
2.8700000000e+02	1		4		4.935297e-08			
2.8700000000e+02	1		5		5.910793e-08			
2.8700000000e+02	2		1		-3.341704e-10			
2.8700000000e+02	2		2		-7.580202e-11			
2.8700000000e+02	2		3		1.684199e-08			
2.8700000000e+02	2		4		3.721418e-08			
2.8700000000e+02	2		5		5.471826e-08			
2.8700000000e+02	3		1		-2.002447e-12			
2.8700000000e+02	3		2		-3.816816e-10			
2.8700000000e+02	3		3		3.908456e-10			
2.8700000000e+02	3		4		1.971364e-08			
2.8700000000e+02	3		5		4.641527e-08			
2.8700000000e+02	4		1		-2.870756e-17			
2.8700000000e+02	4		2		-5.299653e-12			
2.8700000000e+02	4		3		-5.173040e-10			
2.8700000000e+02	4		4		3.875395e-09			
2.8700000000e+02	4		5		3.618925e-08			
2.8700000000e+02	5		1		-5.001095e-28			
2.8700000000e+02	5		2		-1.477996e-15			
2.8700000000e+02	5		3		-1.983125e-11			
2.8700000000e+02	5		4		-6.904733e-10			
2.8700000000e+02	5		5		2.257627e-08			
3.6600000000e+02	1		1		-1.478332e-10			
3.6600000000e+02	1		2		1.463089e-08			
3.6600000000e+02	1		3		2.835492e-08			
3.6600000000e+02	1		4		3.637907e-08			
3.6600000000e+02	1		5		4.351592e-08			
3.6600000000e+02	2		1		-2.390154e-10			
3.6600000000e+02	2		2		-3.659115e-11			
3.6600000000e+02	2		3		1.195898e-08			
3.6600000000e+02	2		4		2.632352e-08			
3.6600000000e+02	2		5		3.866787e-08			
3.6600000000e+02	3		1		-1.401084e-12			
3.6600000000e+02	3		2		-2.676412e-10			
3.6600000000e+02	3		3		2.630144e-10			
3.6600000000e+02	3		4		1.391036e-08			
3.6600000000e+02	3		5		3.275334e-08			
3.6600000000e+02	4		1		-2.000704e-17			
3.6600000000e+02	4		2		-3.752050e-12			
3.6600000000e+02	4		3		-3.579530e-10			
3.6600000000e+02	4		4		2.687508e-09			
3.6600000000e+02	4		5		2.476153e-08			
3.6600000000e+02	5		1		-3.489971e-28			
3.6600000000e+02	5		2		-1.019023e-15			
3.6600000000e+02	5		3		-1.347852e-11			
3.6600000000e+02	5		4		-4.949201e-10			
3.6600000000e+02	5		5		1.600789e-08			
4.6700000000e+02	1		1		-8.140976e-11			
4.6700000000e+02	1		2		1.112349e-08			
4.6700000000e+02	1		3		2.136144e-08			
4.6700000000e+02	1		4		2.734530e-08			
4.6700000000e+02	1		5		3.266817e-08			
4.6700000000e+02	2		1		-1.734943e-10			
4.6700000000e+02	2		2		-9.202138e-12			
4.6700000000e+02	2		3		8.591098e-09			
4.6700000000e+02	2		4		1.881991e-08			
4.6700000000e+02	2		5		2.761006e-08			
4.6700000000e+02	3		1		-9.906532e-13			
4.6700000000e+02	3		2		-1.881423e-10			
4.6700000000e+02	3		3		1.935828e-10			
4.6700000000e+02	3		4		9.715585e-09			
4.6700000000e+02	3		5		2.281625e-08			
4.6700000000e+02	4		1		-1.409626e-17			
4.6700000000e+02	4		2		-2.589785e-12			
4.6700000000e+02	4		3		-2.474583e-10			
4.6700000000e+02	4		4		1.854661e-09			
4.6700000000e+02	4		5		1.727377e-08			
4.6700000000e+02	5		1		-2.457983e-28			
4.6700000000e+02	5		2		-7.018313e-16			
4.6700000000e+02	5		3		-9.522869e-12			
4.6700000000e+02	5		4		-3.452144e-10			
4.6700000000e+02	5		5		1.117449e-08			
5.9500000000e+02	1		1		-4.927321e-11			
5.9500000000e+02	1		2		8.601462e-09			
5.9500000000e+02	1		3		1.640540e-08			
5.9500000000e+02	1		4		2.096458e-08			
5.9500000000e+02	1		5		2.502066e-08			
5.9500000000e+02	2		1		-1.288408e-10			
5.9500000000e+02	2		2		8.424213e-12			
5.9500000000e+02	2		3		6.301654e-09			
5.9500000000e+02	2		4		1.371737e-08			
5.9500000000e+02	2		5		2.008942e-08			
5.9500000000e+02	3		1		-7.117461e-13			
5.9500000000e+02	3		2		-1.337248e-10			
5.9500000000e+02	3		3		1.445856e-10			
5.9500000000e+02	3		4		6.853718e-09			
5.9500000000e+02	3		5		1.605520e-08			
5.9500000000e+02	4		1		-1.003463e-17			
5.9500000000e+02	4		2		-1.809162e-12			
5.9500000000e+02	4		3		-1.723374e-10			
5.9500000000e+02	4		4		1.293493e-09			
5.9500000000e+02	4		5		1.197501e-08			
5.9500000000e+02	5		1		-1.747531e-28			
5.9500000000e+02	5		2		-4.893289e-16			
5.9500000000e+02	5		3		-6.549558e-12			
5.9500000000e+02	5		4		-2.344579e-10			
5.9500000000e+02	5		5		7.621143e-09			
7.5800000000e+02	1		1		-3.971918e-11			
7.5800000000e+02	1		2		6.683059e-09			
7.5800000000e+02	1		3		1.271415e-08			
7.5800000000e+02	1		4		1.623590e-08			
7.5800000000e+02	1		5		1.936930e-08			
7.5800000000e+02	2		1		-9.778888e-11			
7.5800000000e+02	2		2		1.772051e-11			
7.5800000000e+02	2		3		4.725105e-09			
7.5800000000e+02	2		4		1.021593e-08			
7.5800000000e+02	2		5		1.493325e-08			
7.5800000000e+02	3		1		-5.218296e-13			
7.5800000000e+02	3		2		-9.670891e-11			
7.5800000000e+02	3		3		1.109650e-10			
7.5800000000e+02	3		4		4.910070e-09			
7.5800000000e+02	3		5		1.146019e-08			
7.5800000000e+02	4		1		-7.261618e-18			
7.5800000000e+02	4		2		-1.278021e-12			
7.5800000000e+02	4		3		-1.207222e-10			
7.5800000000e+02	4		4		9.078047e-10			
7.5800000000e+02	4		5		8.333102e-09			
7.5800000000e+02	5		1		-1.262439e-28			
7.5800000000e+02	5		2		-3.429130e-16			
7.5800000000e+02	5		3		-4.516495e-12			
7.5800000000e+02	5		4		-1.608143e-10			
7.5800000000e+02	5		5		5.234202e-09			
9.6600000000e+02	1		1		-4.180666e-11			
9.6600000000e+02	1		2		5.141573e-09			
9.6600000000e+02	1		3		9.810897e-09			
9.6600000000e+02	1		4		1.253630e-08			
9.6600000000e+02	1		5		1.496122e-08			
9.6600000000e+02	2		1		-7.541744e-11			
9.6600000000e+02	2		2		2.021422e-11			
9.6600000000e+02	2		3		3.611118e-09			
9.6600000000e+02	2		4		7.762347e-09			
9.6600000000e+02	2		5		1.132811e-08			
9.6600000000e+02	3		1		-3.911653e-13			
9.6600000000e+02	3		2		-7.147285e-11			
9.6600000000e+02	3		3		8.724579e-11			
9.6600000000e+02	3		4		3.590179e-09			
9.6600000000e+02	3		5		8.343185e-09			
9.6600000000e+02	4		1		-5.371758e-18			
9.6600000000e+02	4		2		-9.189276e-13			
9.6600000000e+02	4		3		-8.578979e-11			
9.6600000000e+02	4		4		6.466778e-10			
9.6600000000e+02	4		5		5.874871e-09			
9.6600000000e+02	5		1		-9.320315e-29			
9.6600000000e+02	5		2		-2.434194e-16			
9.6600000000e+02	5		3		-3.149349e-12			
9.6600000000e+02	5		4		-1.106769e-10			
9.6600000000e+02	5		5		3.613020e-09			
1.2310000000e+03	1		1		-4.586209e-11			
1.2310000000e+03	1		2		3.864174e-09			
1.2310000000e+03	1		3		7.435485e-09			
1.2310000000e+03	1		4		9.519495e-09			
1.2310000000e+03	1		5		1.137363e-08			
1.2310000000e+03	2		1		-5.845416e-11			
1.2310000000e+03	2		2		1.758605e-11			
1.2310000000e+03	2		3		2.789754e-09			
1.2310000000e+03	2		4		5.977450e-09			
1.2310000000e+03	2		5		8.715020e-09			
1.2310000000e+03	3		1		-2.989529e-13			
1.2310000000e+03	3		2		-5.398679e-11			
1.2310000000e+03	3		3		6.954371e-11			
1.2310000000e+03	3		4		2.685038e-09			
1.2310000000e+03	3		5		6.213141e-09			
1.2310000000e+03	4		1		-4.062516e-18			
1.2310000000e+03	4		2		-6.759100e-13			
1.2310000000e+03	4		3		-6.228277e-11			
1.2310000000e+03	4		4		4.707555e-10			
1.2310000000e+03	4		5		4.225656e-09			
1.2310000000e+03	5		1		-7.036578e-29			
1.2310000000e+03	5		2		-1.765418e-16			
1.2310000000e+03	5		3		-2.236362e-12			
1.2310000000e+03	5		4		-7.714050e-11			
1.2310000000e+03	5		5		2.528935e-09			
1.5690000000e+03	1		1		-4.576671e-11			
1.5690000000e+03	1		2		2.808214e-09			
1.5690000000e+03	1		3		5.469609e-09			
1.5690000000e+03	1		4		7.022757e-09			
1.5690000000e+03	1		5		8.404412e-09			
1.5690000000e+03	2		1		-4.481300e-11			
1.5690000000e+03	2		2		1.183712e-11			
1.5690000000e+03	2		3		2.147889e-09			
1.5690000000e+03	2		4		4.604461e-09			
1.5690000000e+03	2		5		6.713762e-09			
1.5690000000e+03	3		1		-2.306327e-13			
1.5690000000e+03	3		2		-4.139775e-11			
1.5690000000e+03	3		3		5.523649e-11			
1.5690000000e+03	3		4		2.044773e-09			
1.5690000000e+03	3		5		4.716131e-09			
1.5690000000e+03	4		1		-3.119378e-18			
1.5690000000e+03	4		2		-5.081635e-13			
1.5690000000e+03	4		3		-4.626529e-11			
1.5690000000e+03	4		4		3.506197e-10			
1.5690000000e+03	4		5		3.109728e-09			
1.5690000000e+03	5		1		-5.397527e-29			
1.5690000000e+03	5		2		-1.310350e-16			
1.5690000000e+03	5		3		-1.623824e-12			
1.5690000000e+03	5		4		-5.484565e-11			
1.5690000000e+03	5		5		1.806590e-09			
2.0000000000e+03	1		1		-4.035227e-11			
2.0000000000e+03	1		2		1.966862e-09			
2.0000000000e+03	1		3		3.882306e-09			
2.0000000000e+03	1		4		5.000600e-09			
2.0000000000e+03	1		5		5.995240e-09			
2.0000000000e+03	2		1		-3.345982e-11			
2.0000000000e+03	2		2		5.326497e-12			
2.0000000000e+03	2		3		1.622298e-09			
2.0000000000e+03	2		4		3.493520e-09			
2.0000000000e+03	2		5		5.100039e-09			
2.0000000000e+03	3		1		-1.769685e-13			
2.0000000000e+03	3		2		-3.182995e-11			
2.0000000000e+03	3		3		4.282016e-11			
2.0000000000e+03	3		4		1.569458e-09			
2.0000000000e+03	3		5		3.614940e-09			
2.0000000000e+03	4		1		-2.401433e-18			
2.0000000000e+03	4		2		-3.879795e-13			
2.0000000000e+03	4		3		-3.503384e-11			
2.0000000000e+03	4		4		2.660503e-10			
2.0000000000e+03	4		5		2.337141e-09			
2.0000000000e+03	5		1		-4.155596e-29			
2.0000000000e+03	5		2		-9.919685e-17			
2.0000000000e+03	5		3		-1.206585e-12			
2.0000000000e+03	5		4		-3.993053e-11			
2.0000000000e+03	5		5		1.321367e-09			
