#ell	tomo_i	tomo_j	Cmm_ij
20	0	0	2.1969898372e-09
20	0	1	3.7957476823e-09
20	0	2	4.0777254351e-09
20	0	3	4.2548147150e-09
20	0	4	4.4136198501e-09
20	1	0	3.7957476823e-09
20	1	1	1.0505331108e-08
20	1	2	1.3360740123e-08
20	1	3	1.4975236934e-08
20	1	4	1.6419876311e-08
20	2	0	4.0777254351e-09
20	2	1	1.3360740123e-08
20	2	2	1.9744449155e-08
20	2	3	2.3928529065e-08
20	2	4	2.7560228605e-08
20	3	0	4.2548147150e-09
20	3	1	1.4975236934e-08
20	3	2	2.3928529065e-08
20	3	3	3.1613235227e-08
20	3	4	3.8812651589e-08
20	4	0	4.4136198501e-09
20	4	1	1.6419876311e-08
20	4	2	2.7560228605e-08
20	4	3	3.8812651589e-08
20	4	4	5.2462382393e-08
25	0	0	1.7179547886e-09
25	0	1	2.9968911206e-09
25	0	2	3.2075963869e-09
25	0	3	3.3403988561e-09
25	0	4	3.4596270218e-09
25	1	0	2.9968911206e-09
25	1	1	8.6046390169e-09
25	1	2	1.1048496727e-08
25	1	3	1.2415496971e-08
25	1	4	1.3639032104e-08
25	2	0	3.2075963869e-09
25	2	1	1.1048496727e-08
25	2	2	1.6788998817e-08
25	2	3	2.0592844068e-08
25	2	4	2.3881466302e-08
25	3	0	3.3403988561e-09
25	3	1	1.2415496971e-08
25	3	2	2.0592844068e-08
25	3	3	2.7888766452e-08
25	3	4	3.4769261517e-08
25	4	0	3.4596270218e-09
25	4	1	1.3639032104e-08
25	4	2	2.3881466302e-08
25	4	3	3.4769261517e-08
25	4	4	4.8405526717e-08
32	0	0	1.2843586028e-09
32	0	1	2.2643648954e-09
32	0	2	2.4169189181e-09
32	0	3	2.5132582450e-09
32	0	4	2.5998596839e-09
32	1	0	2.2643648954e-09
32	1	1	6.7506683764e-09
32	1	2	8.7365327668e-09
32	1	3	9.8345493244e-09
32	1	4	1.0817618513e-08
32	2	0	2.4169189181e-09
32	2	1	8.7365327668e-09
32	2	2	1.3605872231e-08
32	2	3	1.6871650267e-08
32	2	4	1.9681386682e-08
32	3	0	2.5132582450e-09
32	3	1	9.8345493244e-09
32	3	2	1.6871650267e-08
32	3	3	2.3439447673e-08
32	3	4	2.9688852774e-08
32	4	0	2.5998596839e-09
32	4	1	1.0817618513e-08
32	4	2	1.9681386682e-08
32	4	3	2.9688852774e-08
32	4	4	4.2756461247e-08
41	0	0	9.4574623166e-10
41	0	1	1.6719466955e-09
41	0	2	1.7785828064e-09
41	0	3	1.8461071117e-09
41	0	4	1.9068842649e-09
41	1	0	1.6719466955e-09
41	1	1	5.1849160205e-09
41	1	2	6.7639939457e-09
41	1	3	7.6288039689e-09
41	1	4	8.4031846579e-09
41	2	0	1.7785828064e-09
41	2	1	6.7639939457e-09
41	2	2	1.0736114395e-08
41	2	3	1.3421890875e-08
41	2	4	1.5721754409e-08
41	3	0	1.8461071117e-09
41	3	1	7.6288039689e-09
41	3	2	1.3421890875e-08
41	3	3	1.9041788821e-08
41	3	4	2.4439651647e-08
41	4	0	1.9068842649e-09
41	4	1	8.4031846579e-09
41	4	2	1.5721754409e-08
41	4	3	2.4439651647e-08
41	4	4	3.6363680978e-08
52	0	0	7.0350448425e-10
52	0	1	1.2321604435e-09
52	0	2	1.3014964137e-09
52	0	3	1.3457762299e-09
52	0	4	1.3857054895e-09
52	1	0	1.2321604435e-09
52	1	1	3.9372939510e-09
52	1	2	5.1857065882e-09
52	1	3	5.8645382544e-09
52	1	4	6.4723704890e-09
52	2	0	1.3014964137e-09
52	2	1	5.1857065882e-09
52	2	2	8.3905525011e-09
52	2	3	1.0561081385e-08
52	2	4	1.2413325412e-08
52	3	0	1.3457762299e-09
52	3	1	5.8645382544e-09
52	3	2	1.0561081385e-08
52	3	3	1.5212512963e-08
52	3	4	1.9714484665e-08
52	4	0	1.3857054895e-09
52	4	1	6.4723704890e-09
52	4	2	1.2413325412e-08
52	4	3	1.9714484665e-08
52	4	4	3.0127437698e-08
67	0	0	5.1508750855e-10
67	0	1	8.9213676568e-10
67	0	2	9.3421531018e-10
67	0	3	9.6145280112e-10
67	0	4	9.8608981700e-10
67	1	0	8.9213676568e-10
67	1	1	2.8680520459e-09
67	1	2	3.8038870266e-09
67	1	3	4.3085230042e-09
67	1	4	4.7604490304e-09
67	2	0	9.3421531018e-10
67	2	1	3.8038870266e-09
67	2	2	6.3099891315e-09
67	2	3	8.0120597503e-09
67	2	4	9.4608291148e-09
67	3	0	9.6145280112e-10
67	3	1	4.3085230042e-09
67	3	2	8.0120597503e-09
67	3	3	1.1719930971e-08
67	3	4	1.5319972269e-08
67	4	0	9.8608981700e-10
67	4	1	4.7604490304e-09
67	4	2	9.4608291148e-09
67	4	3	1.5319972269e-08
67	4	4	2.3930734611e-08
85	0	0	3.8591382049e-10
85	0	1	6.6422942514e-10
85	0	2	6.9414019531e-10
85	0	3	7.1337805826e-10
85	0	4	7.3074182611e-10
85	1	0	6.6422942514e-10
85	1	1	2.1136810097e-09
85	1	2	2.7976842920e-09
85	1	3	3.1620656530e-09
85	1	4	3.4885576143e-09
85	2	0	6.9414019531e-10
85	2	1	2.7976842920e-09
85	2	2	4.7124073109e-09
85	2	3	6.0314450627e-09
85	2	4	7.1507806940e-09
85	3	0	7.1337805826e-10
85	3	1	3.1620656530e-09
85	3	2	6.0314450627e-09
85	3	3	8.9867208074e-09
85	3	4	1.1858643235e-08
85	4	0	7.3074182611e-10
85	4	1	3.4885576143e-09
85	4	2	7.1507806940e-09
85	4	3	1.1858643235e-08
85	4	4	1.8859162903e-08
109	0	0	2.8794997005e-10
109	0	1	4.9057064370e-10
109	0	2	5.1256216611e-10
109	0	3	5.2666179768e-10
109	0	4	5.3943940837e-10
109	1	0	4.9057064370e-10
109	1	1	1.5396804918e-09
109	1	2	2.0319121292e-09
109	1	3	2.2908721847e-09
109	1	4	2.5229488970e-09
109	2	0	5.1256216611e-10
109	2	1	2.0319121292e-09
109	2	2	3.4162114723e-09
109	2	3	4.3794933846e-09
109	2	4	5.1929409590e-09
109	3	0	5.2666179768e-10
109	3	1	2.2908721847e-09
109	3	2	4.3794933846e-09
109	3	3	6.6352040415e-09
109	3	4	8.8460714420e-09
109	4	0	5.3943940837e-10
109	4	1	2.5229488970e-09
109	4	2	5.1929409590e-09
109	4	3	8.8460714420e-09
109	4	4	1.4394660168e-08
139	0	0	2.1799970096e-10
139	0	1	3.6910235714e-10
139	0	2	3.8561502273e-10
139	0	3	3.9621407545e-10
139	0	4	4.0581401104e-10
139	1	0	3.6910235714e-10
139	1	1	1.1310433167e-09
139	1	2	1.4887510732e-09
139	1	3	1.6773906398e-09
139	1	4	1.8463221870e-09
139	2	0	3.8561502273e-10
139	2	1	1.4887510732e-09
139	2	2	2.4945187424e-09
139	2	3	3.1888927855e-09
139	2	4	3.7727143198e-09
139	3	0	3.9621407545e-10
139	3	1	1.6773906398e-09
139	3	2	3.1888927855e-09
139	3	3	4.8358977634e-09
139	3	4	6.4701615579e-09
139	4	0	4.0581401104e-10
139	4	1	1.8463221870e-09
139	4	2	3.7727143198e-09
139	4	3	6.4701615579e-09
139	4	4	1.0776434778e-08
177	0	0	1.6605510508e-10
177	0	1	2.8074891409e-10
177	0	2	2.9421886196e-10
177	0	3	3.0280056506e-10
177	0	4	3.1055891436e-10
177	1	0	2.8074891409e-10
177	1	1	8.3968817971e-10
177	1	2	1.0977888196e-09
177	1	3	1.2336681417e-09
177	1	4	1.3554240301e-09
177	2	0	2.9421886196e-10
177	2	1	1.0977888196e-09
177	2	2	1.8248023027e-09
177	2	3	2.3302750606e-09
177	2	4	2.7552118089e-09
177	3	0	3.0280056506e-10
177	3	1	1.2336681417e-09
177	3	2	2.3302750606e-09
177	3	3	3.5223525883e-09
177	3	4	4.6997156327e-09
177	4	0	3.1055891436e-10
177	4	1	1.3554240301e-09
177	4	2	2.7552118089e-09
177	4	3	4.6997156327e-09
177	4	4	7.8867080294e-09
225	0	0	1.2665046483e-10
225	0	1	2.1507060512e-10
225	0	2	2.2627383679e-10
225	0	3	2.3337427609e-10
225	0	4	2.3978544572e-10
225	1	0	2.1507060512e-10
225	1	1	6.3067287126e-10
225	1	2	8.2010592551e-10
225	1	3	9.2017188187e-10
225	1	4	1.0097872752e-09
225	2	0	2.2627383679e-10
225	2	1	8.2010592551e-10
225	2	2	1.3440664901e-09
225	2	3	1.7068335163e-09
225	2	4	2.0118284226e-09
225	3	0	2.3337427609e-10
225	3	1	9.2017188187e-10
225	3	2	1.7068335163e-09
225	3	3	2.5705796445e-09
225	3	4	3.4260560376e-09
225	4	0	2.3978544572e-10
225	4	1	1.0097872752e-09
225	4	2	2.0118284226e-09
225	4	3	3.4260560376e-09
225	4	4	5.7280844260e-09
287	0	0	9.5513267867e-11
287	0	1	1.6392109639e-10
287	0	2	1.7328187104e-10
287	0	3	1.7919044460e-10
287	0	4	1.8451700229e-10
287	1	0	1.6392109639e-10
287	1	1	4.7606167028e-10
287	1	2	6.1607397920e-10
287	1	3	6.9050314400e-10
287	1	4	7.5716443294e-10
287	2	0	1.7328187104e-10
287	2	1	6.1607397920e-10
287	2	2	9.9510985451e-10
287	2	3	1.2569739371e-09
287	2	4	1.4771759628e-09
287	3	0	1.7919044460e-10
287	3	1	6.9050314400e-10
287	3	2	1.2569739371e-09
287	3	3	1.8708571696e-09
287	3	4	2.4790613260e-09
287	4	0	1.8451700229e-10
287	4	1	7.5716443294e-10
287	4	2	1.4771759628e-09
287	4	3	2.4790613260e-09
287	4	4	4.1349440226e-09
366	0	0	7.1025278460e-11
366	0	1	1.2384815392e-10
366	0	2	1.3153130282e-10
366	0	3	1.3637080384e-10
366	0	4	1.4072787332e-10
366	1	0	1.2384815392e-10
366	1	1	3.6128230520e-10
366	1	2	4.6651765853e-10
366	1	3	5.2292941957e-10
366	1	4	5.7344027730e-10
366	2	0	1.3153130282e-10
366	2	1	4.6651765853e-10
366	2	2	7.4404735473e-10
366	2	3	9.3464094464e-10
366	2	4	1.0952890306e-09
366	3	0	1.3637080384e-10
366	3	1	5.2292941957e-10
366	3	2	9.3464094464e-10
366	3	3	1.3744144588e-09
366	3	4	1.8090461237e-09
366	4	0	1.4072787332e-10
366	4	1	5.7344027730e-10
366	4	2	1.0952890306e-09
366	4	3	1.8090461237e-09
366	4	4	2.9780968404e-09
467	0	0	5.1707895968e-11
467	0	1	9.1943061896e-11
467	0	2	9.8020348797e-11
467	0	3	1.0184597017e-10
467	0	4	1.0528819433e-10
467	1	0	9.1943061896e-11
467	1	1	2.7368030068e-10
467	1	2	3.5382704044e-10
467	1	3	3.9713566177e-10
467	1	4	4.3590878388e-10
467	2	0	9.8020348797e-11
467	2	1	3.5382704044e-10
467	2	2	5.6004551926e-10
467	2	3	7.0084871217e-10
467	2	4	8.1991308238e-10
467	3	0	1.0184597017e-10
467	3	1	3.9713566177e-10
467	3	2	7.0084871217e-10
467	3	3	1.0182994889e-09
467	3	4	1.3305877025e-09
467	4	0	1.0528819433e-10
467	4	1	4.3590878388e-10
467	4	2	8.1991308238e-10
467	4	3	1.3305877025e-09
467	4	4	2.1562117451e-09
595	0	0	3.6797077590e-11
595	0	1	6.6784193101e-11
595	0	2	7.1352555262e-11
595	0	3	7.4230821019e-11
595	0	4	7.6820192283e-11
595	1	0	6.6784193101e-11
595	1	1	2.0585839138e-10
595	1	2	2.6744894319e-10
595	1	3	3.0094422112e-10
595	1	4	3.3092915859e-10
595	2	0	7.1352555262e-11
595	2	1	2.6744894319e-10
595	2	2	4.2323566947e-10
595	2	3	5.2900862583e-10
595	2	4	6.1874401063e-10
595	3	0	7.4230821019e-11
595	3	1	3.0094422112e-10
595	3	2	5.2900862583e-10
595	3	3	7.6186266424e-10
595	3	4	9.8983274385e-10
595	4	0	7.6820192283e-11
595	4	1	3.3092915859e-10
595	4	2	6.1874401063e-10
595	4	3	9.8983274385e-10
595	4	4	1.5763865974e-09
758	0	0	2.5502325355e-11
758	0	1	4.7173406411e-11
758	0	2	5.0379779449e-11
758	0	3	5.2409006430e-11
758	0	4	5.4235397824e-11
758	1	0	4.7173406411e-11
758	1	1	1.5236610203e-10
758	1	2	1.9959441410e-10
758	1	3	2.2536848660e-10
758	1	4	2.4844030149e-10
758	2	0	5.0379779449e-11
758	2	1	1.9959441410e-10
758	2	2	3.1845111703e-10
758	2	3	3.9881806924e-10
758	2	4	4.6720248302e-10
758	3	0	5.2409006430e-11
758	3	1	2.2536848660e-10
758	3	2	3.9881806924e-10
758	3	3	5.7224529997e-10
758	3	4	7.4113898222e-10
758	4	0	5.4235397824e-11
758	4	1	2.4844030149e-10
758	4	2	4.6720248302e-10
758	4	3	7.4113898222e-10
758	4	4	1.1624958870e-09
966	0	0	1.7206896620e-11
966	0	1	3.2314459151e-11
966	0	2	3.4388924802e-11
966	0	3	3.5711032295e-11
966	0	4	3.6902554949e-11
966	1	0	3.2314459151e-11
966	1	1	1.1019663964e-10
966	1	2	1.4591858935e-10
966	1	3	1.6541071712e-10
966	1	4	1.8286172709e-10
966	2	0	3.4388924802e-11
966	2	1	1.4591858935e-10
966	2	2	2.3666848470e-10
966	2	3	2.9793710505e-10
966	2	4	3.5017926388e-10
966	3	0	3.5711032295e-11
966	3	1	1.6541071712e-10
966	3	2	2.9793710505e-10
966	3	3	4.2863233430e-10
966	3	4	5.5532098085e-10
966	4	0	3.6902554949e-11
966	4	1	1.8286172709e-10
966	4	2	3.5017926388e-10
966	4	3	5.5532098085e-10
966	4	4	8.6217531867e-10
1231	0	0	1.1334702177e-11
1231	0	1	2.1508282639e-11
1231	0	2	2.2730894869e-11
1231	0	3	2.3519518811e-11
1231	0	4	2.4232093367e-11
1231	1	0	2.1508282639e-11
1231	1	1	7.7585726033e-11
1231	1	2	1.0397885471e-10
1231	1	3	1.1832271692e-10
1231	1	4	1.3116588554e-10
1231	2	0	2.2730894869e-11
1231	2	1	1.0397885471e-10
1231	2	2	1.7262209593e-10
1231	2	3	2.1905023910e-10
1231	2	4	2.5866951083e-10
1231	3	0	2.3519518811e-11
1231	3	1	1.1832271692e-10
1231	3	2	2.1905023910e-10
1231	3	3	3.1808584802e-10
1231	3	4	4.1379497947e-10
1231	4	0	2.4232093367e-11
1231	4	1	1.3116588554e-10
1231	4	2	2.5866951083e-10
1231	4	3	4.1379497947e-10
1231	4	4	6.4043192927e-10
1569	0	0	7.3073098293e-12
1569	0	1	1.3950791659e-11
1569	0	2	1.4602105970e-11
1569	0	3	1.5029683955e-11
1569	0	4	1.5417871594e-11
1569	1	0	1.3950791659e-11
1569	1	1	5.3081255569e-11
1569	1	2	7.1983694484e-11
1569	1	3	8.2174206351e-11
1569	1	4	9.1301560584e-11
1569	2	0	1.4602105970e-11
1569	2	1	7.1983694484e-11
1569	2	2	1.2286731399e-10
1569	2	3	1.5746832483e-10
1569	2	4	1.8697456032e-10
1569	3	0	1.5029683955e-11
1569	3	1	8.2174206351e-11
1569	3	2	1.5746832483e-10
1569	3	3	2.3220066608e-10
1569	3	4	3.0437410554e-10
1569	4	0	1.5417871594e-11
1569	4	1	9.1301560584e-11
1569	4	2	1.8697456032e-10
1569	4	3	3.0437410554e-10
1569	4	4	4.7340385418e-10
2000	0	0	4.6232275501e-12
2000	0	1	8.8579471233e-12
2000	0	2	9.1688296881e-12
2000	0	3	9.3787416658e-12
2000	0	4	9.5710082049e-12
2000	1	0	8.8579471233e-12
2000	1	1	3.5336335928e-11
2000	1	2	4.8420707922e-11
2000	1	3	5.5394439347e-11
2000	1	4	6.1642781138e-11
2000	2	0	9.1688296881e-12
2000	2	1	4.8420707922e-11
2000	2	2	8.5089343846e-11
2000	2	3	1.1022858958e-10
2000	2	4	1.3161814884e-10
2000	3	0	9.3787416658e-12
2000	3	1	5.5394439347e-11
2000	3	2	1.1022858958e-10
2000	3	3	1.6582430669e-10
2000	3	4	2.1963011308e-10
2000	4	0	9.5710082049e-12
2000	4	1	6.1642781138e-11
2000	4	2	1.3161814884e-10
2000	4	3	2.1963011308e-10
2000	4	4	3.4603561579e-10
