#ell	tomo_i	tomo_j	Cgsm_ij	Cgpm_ij
20	0	0	7.6378015846e-10
20	0	1	3.8672486507e-07
20	0	2	7.1417044165e-07
20	0	3	9.0497800140e-07
20	0	4	1.0748415848e-06
20	1	0	-4.6593994784e-09
20	1	1	4.1154016919e-09
20	1	2	2.0842214954e-07
20	1	3	4.3072097258e-07
20	1	4	6.2150625104e-07
20	2	0	-1.9639321192e-11
20	2	1	-3.2614205508e-09
20	2	2	5.5769019748e-09
20	2	3	1.5215536212e-07
20	2	4	3.4269290408e-07
20	3	0	-2.4632929487e-16
20	3	1	-3.4297559216e-11
20	3	2	-2.9042126981e-09
20	3	3	2.2337087282e-08
20	3	4	1.8525300237e-07
20	4	0	-4.2159979818e-27
20	4	1	-8.1663490701e-15
20	4	2	-8.9431814384e-11
20	4	3	-2.6716759959e-09
20	4	4	9.0656957165e-08
25	0	0	-1.0805584050e-09
25	0	1	3.3497960025e-07
25	0	2	6.2951414338e-07
25	0	3	8.0121455171e-07
25	0	4	9.5403021501e-07
25	1	0	-4.4556477433e-09
25	1	1	3.1216722071e-09
25	1	2	2.0356609400e-07
25	1	3	4.2496055935e-07
25	1	4	6.1496392143e-07
25	2	0	-1.9913916713e-11
25	2	1	-3.3644591891e-09
25	2	2	5.5177147043e-09
25	2	3	1.5866335563e-07
25	2	4	3.5883568615e-07
25	3	0	-2.5423200727e-16
25	3	1	-3.6399336033e-11
25	3	2	-3.1142424986e-09
25	3	3	2.3908612609e-08
25	3	4	1.9991391291e-07
25	4	0	-4.3613891242e-27
25	4	1	-8.7697113862e-15
25	4	2	-9.7426754912e-11
25	4	3	-2.9460383007e-09
25	4	4	9.9646322997e-08
32	0	0	-1.3235043481e-09
32	0	1	2.7558196650e-07
32	0	2	5.2343514043e-07
32	0	3	6.6806994423e-07
32	0	4	7.9676600482e-07
32	1	0	-3.9558952821e-09
32	1	1	1.8278869973e-09
32	1	2	1.8565165788e-07
32	1	3	3.9280600190e-07
32	1	4	5.7059643845e-07
32	2	0	-1.9064189342e-11
32	2	1	-3.2997124381e-09
32	2	2	5.0781708794e-09
32	2	3	1.5802639857e-07
32	2	4	3.5952438055e-07
32	3	0	-2.4942418958e-16
32	3	1	-3.7164869119e-11
32	3	2	-3.2272305541e-09
32	3	3	2.4710680803e-08
32	3	4	2.0906522013e-07
32	4	0	-4.2929522306e-27
32	4	1	-9.1061889930e-15
32	4	2	-1.0326387369e-10
32	4	3	-3.1766787195e-09
32	4	4	1.0696637765e-07
41	0	0	-1.2007064433e-09
41	0	1	2.2448898148e-07
41	0	2	4.2665559389e-07
41	0	3	5.4473135798e-07
41	0	4	6.4978555326e-07
41	1	0	-3.2829755406e-09
41	1	1	8.3151187664e-10
41	1	2	1.5759119020e-07
41	1	3	3.3780974712e-07
41	1	4	4.9251823240e-07
41	2	0	-1.6939206217e-11
41	2	1	-3.0155677388e-09
41	2	2	4.2605074216e-09
41	2	3	1.4719049074e-07
41	2	4	3.3737333008e-07
41	3	0	-2.2785992892e-16
41	3	1	-3.5690347402e-11
41	3	2	-3.1590453488e-09
41	3	3	2.4104841446e-08
41	3	4	2.0711683513e-07
41	4	0	-3.9371143437e-27
41	4	1	-8.9354243357e-15
41	4	2	-1.0409653446e-10
41	4	3	-3.2751779784e-09
41	4	4	1.0964956868e-07
52	0	0	-2.0512632353e-09
52	0	1	1.8105730148e-07
52	0	2	3.4675448919e-07
52	0	3	4.4345917228e-07
52	0	4	5.2950063351e-07
52	1	0	-2.6821666364e-09
52	1	1	5.6997995015e-10
52	1	2	1.2921710588e-07
52	1	3	2.7855327372e-07
52	1	4	4.0680359255e-07
52	2	0	-1.4157310706e-11
52	2	1	-2.5779341534e-09
52	2	2	3.3309339258e-09
52	2	3	1.2811756819e-07
52	2	4	2.9585300486e-07
52	3	0	-1.9444327831e-16
52	3	1	-3.2011020360e-11
52	3	2	-2.8942737617e-09
52	3	3	2.1995726368e-08
52	3	4	1.9244193589e-07
52	4	0	-3.3709834119e-27
52	4	1	-8.2058273120e-15
52	4	2	-9.8689940737e-11
52	4	3	-3.1904190430e-09
52	4	4	1.0609344230e-07
67	0	0	-2.4373692628e-09
67	0	1	1.3557638694e-07
67	0	2	2.6582296452e-07
67	0	3	3.4179149441e-07
67	0	4	4.0937064972e-07
67	1	0	-2.2075291523e-09
67	1	1	6.2903650293e-10
67	1	2	1.0547820799e-07
67	1	3	2.2648126202e-07
67	1	4	3.3042175275e-07
67	2	0	-1.1377625345e-11
67	2	1	-2.0776972130e-09
67	2	2	2.5633260478e-09
67	2	3	1.0416942963e-07
67	2	4	2.4167212798e-07
67	3	0	-1.5621469387e-16
67	3	1	-2.6509560611e-11
67	3	2	-2.4424989333e-09
67	3	3	1.8487218301e-08
67	3	4	1.6477628598e-07
67	4	0	-2.7106243619e-27
67	4	1	-6.9344656877e-15
67	4	2	-8.6298033901e-11
67	4	3	-2.8801366704e-09
67	4	4	9.5050798865e-08
85	0	0	-1.7226266583e-09
85	0	1	9.9308135992e-08
85	0	2	1.9638675920e-07
85	0	3	2.5315083277e-07
85	0	4	3.0362838118e-07
85	1	0	-1.7606707736e-09
85	1	1	8.6735112951e-11
85	1	2	8.6419634387e-08
85	1	3	1.8671802815e-07
85	1	4	2.7282781595e-07
85	2	0	-9.5148803493e-12
85	2	1	-1.7193540692e-09
85	2	2	2.2089321338e-09
85	2	3	8.5557071813e-08
85	2	4	1.9805005397e-07
85	3	0	-1.2936803068e-16
85	3	1	-2.1568696464e-11
85	3	2	-1.9908159723e-09
85	3	3	1.5047974851e-08
85	3	4	1.3506394999e-07
85	4	0	-2.2407081657e-27
85	4	1	-5.6459199432e-15
85	4	2	-7.1408039531e-11
85	4	3	-2.4350944607e-09
85	4	4	7.9983331291e-08
109	0	0	-1.3344212669e-09
109	0	1	7.1863589934e-08
109	0	2	1.4159267817e-07
109	0	3	1.8235995791e-07
109	0	4	2.1861387697e-07
109	1	0	-1.2483602845e-09
109	1	1	-3.7737829844e-10
109	1	2	6.3487455015e-08
109	1	3	1.4032594535e-07
109	1	4	2.0630353559e-07
109	2	0	-7.5708568732e-12
109	2	1	-1.4122746961e-09
109	2	2	1.7349032948e-09
109	2	3	7.0815180872e-08
109	2	4	1.6404799853e-07
109	3	0	-1.0682841822e-16
109	3	1	-1.7895317658e-11
109	3	2	-1.6364012464e-09
109	3	3	1.2391602426e-08
109	3	4	1.1026689024e-07
109	4	0	-1.8561744102e-27
109	4	1	-4.6367423763e-15
109	4	2	-5.7781445811e-11
109	4	3	-1.9612682100e-09
109	4	4	6.4524832022e-08
139	0	0	-9.8575100058e-10
139	0	1	5.1627035427e-08
139	0	2	1.0247952686e-07
139	0	3	1.3220145237e-07
139	0	4	1.5863197180e-07
139	1	0	-9.2306030176e-10
139	1	1	-7.1584961045e-11
139	1	2	4.5776116458e-08
139	1	3	1.0060922662e-07
139	1	4	1.4775608484e-07
139	2	0	-5.3214473164e-12
139	2	1	-1.0324801659e-09
139	2	2	9.9807446045e-10
139	2	3	5.3789375626e-08
139	2	4	1.2643030096e-07
139	3	0	-7.7465869145e-17
139	3	1	-1.4404603201e-11
139	3	2	-1.3517223588e-09
139	3	3	1.0206853801e-08
139	3	4	9.1764063653e-08
139	4	0	-1.3559046396e-27
139	4	1	-3.8504018687e-15
139	4	2	-4.8410055787e-11
139	4	3	-1.6293168242e-09
139	4	4	5.3692661388e-08
177	0	0	-6.6285675201e-10
177	0	1	3.7056831938e-08
177	0	2	7.3262123782e-08
177	0	3	9.4439385692e-08
177	0	4	1.1327039045e-07
177	1	0	-6.6007644715e-10
177	1	1	-2.0015054056e-10
177	1	2	3.3590539607e-08
177	1	3	7.4090930063e-08
177	1	4	1.0886882896e-07
177	2	0	-3.9697190642e-12
177	2	1	-7.4106462503e-10
177	2	2	8.0088996138e-10
177	2	3	3.7977106262e-08
177	2	4	8.9175464218e-08
177	3	0	-5.5501839535e-17
177	3	1	-1.0112249669e-11
177	3	2	-9.8119245345e-10
177	3	3	7.3476782555e-09
177	3	4	6.8740704303e-08
177	4	0	-9.6476403851e-28
177	4	1	-2.7960921792e-15
177	4	2	-3.7867921411e-11
177	4	3	-1.3424525969e-09
177	4	4	4.3667701354e-08
225	0	0	-4.2924437209e-10
225	0	1	2.6843312621e-08
225	0	2	5.2888578760e-08
225	0	3	6.8122358592e-08
225	0	4	8.1668950092e-08
225	1	0	-4.7172574534e-10
225	1	1	-1.0224775903e-10
225	1	2	2.3751752897e-08
225	1	3	5.2515824929e-08
225	1	4	7.7246320243e-08
225	2	0	-2.8134392178e-12
225	2	1	-5.4826779601e-10
225	2	2	5.4539744827e-10
225	2	3	2.8448152729e-08
225	2	4	6.6687315903e-08
225	3	0	-4.1273377751e-17
225	3	1	-7.5262594479e-12
225	3	2	-7.0424356764e-10
225	3	3	5.2998556941e-09
225	3	4	4.8447311793e-08
225	4	0	-7.2305740976e-28
225	4	1	-1.9951385794e-15
225	4	2	-2.6222502281e-11
225	4	3	-9.5293537708e-10
225	4	4	3.0891596658e-08
287	0	0	-2.5987087285e-10
287	0	1	1.9627041968e-08
287	0	2	3.8383999248e-08
287	0	3	4.9352973013e-08
287	0	4	5.9107934344e-08
287	1	0	-3.3417035650e-10
287	1	1	-7.5802022062e-11
287	1	2	1.6841990972e-08
287	1	3	3.7214175574e-08
287	1	4	5.4718261876e-08
287	2	0	-2.0024466033e-12
287	2	1	-3.8168156737e-10
287	2	2	3.9084563852e-10
287	2	3	1.9713640007e-08
287	2	4	4.6415270968e-08
287	3	0	-2.8707564644e-17
287	3	1	-5.2996530098e-12
287	3	2	-5.1730401757e-10
287	3	3	3.8753945390e-09
287	3	4	3.6189254048e-08
287	4	0	-5.0010945453e-28
287	4	1	-1.4779960871e-15
287	4	2	-1.9831249608e-11
287	4	3	-6.9047334847e-10
287	4	4	2.2576274189e-08
366	0	0	-1.4783317451e-10
366	0	1	1.4630887240e-08
366	0	2	2.8354918549e-08
366	0	3	3.6379073643e-08
366	0	4	4.3515918340e-08
366	1	0	-2.3901538413e-10
366	1	1	-3.6591153245e-11
366	1	2	1.1958982831e-08
366	1	3	2.6323518902e-08
366	1	4	3.8667874792e-08
366	2	0	-1.4010839982e-12
366	2	1	-2.6764123387e-10
366	2	2	2.6301443685e-10
366	2	3	1.3910362716e-08
366	2	4	3.2753344793e-08
366	3	0	-2.0007035463e-17
366	3	1	-3.7520503335e-12
366	3	2	-3.5795302217e-10
366	3	3	2.6875077396e-09
366	3	4	2.4761532930e-08
366	4	0	-3.4899714052e-28
366	4	1	-1.0190234596e-15
366	4	2	-1.3478519635e-11
366	4	3	-4.9492009205e-10
366	4	4	1.6007892216e-08
467	0	0	-8.1409760962e-11
467	0	1	1.1123485884e-08
467	0	2	2.1361439573e-08
467	0	3	2.7345301980e-08
467	0	4	3.2668173261e-08
467	1	0	-1.7349429217e-10
467	1	1	-9.2021376452e-12
467	1	2	8.5910977055e-09
467	1	3	1.8819909502e-08
467	1	4	2.7610057366e-08
467	2	0	-9.9065321416e-13
467	2	1	-1.8814228634e-10
467	2	2	1.9358284147e-10
467	2	3	9.7155847930e-09
467	2	4	2.2816250386e-08
467	3	0	-1.4096255474e-17
467	3	1	-2.5897852429e-12
467	3	2	-2.4745826859e-10
467	3	3	1.8546609833e-09
467	3	4	1.7273774712e-08
467	4	0	-2.4579832164e-28
467	4	1	-7.0183132588e-16
467	4	2	-9.5228685269e-12
467	4	3	-3.4521444679e-10
467	4	4	1.1174494231e-08
595	0	0	-4.9273212796e-11
595	0	1	8.6014618197e-09
595	0	2	1.6405396632e-08
595	0	3	2.0964584784e-08
595	0	4	2.5020660977e-08
595	1	0	-1.2884083080e-10
595	1	1	8.4242130363e-12
595	1	2	6.3016542362e-09
595	1	3	1.3717373888e-08
595	1	4	2.0089419179e-08
595	2	0	-7.1174607411e-13
595	2	1	-1.3372478581e-10
595	2	2	1.4458555623e-10
595	2	3	6.8537179339e-09
595	2	4	1.6055199950e-08
595	3	0	-1.0034630252e-17
595	3	1	-1.8091621157e-12
595	3	2	-1.7233737318e-10
595	3	3	1.2934930277e-09
595	3	4	1.1975010845e-08
595	4	0	-1.7475312749e-28
595	4	1	-4.8932885539e-16
595	4	2	-6.5495577381e-12
595	4	3	-2.3445793134e-10
595	4	4	7.6211426551e-09
758	0	0	-3.9719175135e-11
758	0	1	6.6830586459e-09
758	0	2	1.2714150937e-08
758	0	3	1.6235902523e-08
758	0	4	1.9369297587e-08
758	1	0	-9.7788876627e-11
758	1	1	1.7720509000e-11
758	1	2	4.7251053454e-09
758	1	3	1.0215928784e-08
758	1	4	1.4933245229e-08
758	2	0	-5.2182957218e-13
758	2	1	-9.6708907745e-11
758	2	2	1.1096502477e-10
758	2	3	4.9100699264e-09
758	2	4	1.1460193965e-08
758	3	0	-7.2616177363e-18
758	3	1	-1.2780211376e-12
758	3	2	-1.2072220981e-10
758	3	3	9.0780468226e-10
758	3	4	8.3331016207e-09
758	4	0	-1.2624394805e-28
758	4	1	-3.4291298444e-16
758	4	2	-4.5164952667e-12
758	4	3	-1.6081429669e-10
758	4	4	5.2342016448e-09
966	0	0	-4.1806655336e-11
966	0	1	5.1415734114e-09
966	0	2	9.8108971417e-09
966	0	3	1.2536299935e-08
966	0	4	1.4961218465e-08
966	1	0	-7.5417440094e-11
966	1	1	2.0214223044e-11
966	1	2	3.6111182545e-09
966	1	3	7.7623466626e-09
966	1	4	1.1328114993e-08
966	2	0	-3.9116531489e-13
966	2	1	-7.1472851125e-11
966	2	2	8.7245794549e-11
966	2	3	3.5901785402e-09
966	2	4	8.3431854427e-09
966	3	0	-5.3717576743e-18
966	3	1	-9.1892755158e-13
966	3	2	-8.5789794483e-11
966	3	3	6.4667777287e-10
966	3	4	5.8748712958e-09
966	4	0	-9.3203148907e-29
966	4	1	-2.4341937827e-16
966	4	2	-3.1493488744e-12
966	4	3	-1.1067688994e-10
966	4	4	3.6130197862e-09
1231	0	0	-4.5862092041e-11
1231	0	1	3.8641742286e-09
1231	0	2	7.4354847777e-09
1231	0	3	9.5194946158e-09
1231	0	4	1.1373633868e-08
1231	1	0	-5.8454162654e-11
1231	1	1	1.7586046204e-11
1231	1	2	2.7897539675e-09
1231	1	3	5.9774497987e-09
1231	1	4	8.7150203238e-09
1231	2	0	-2.9895286285e-13
1231	2	1	-5.3986789982e-11
1231	2	2	6.9543706999e-11
1231	2	3	2.6850376315e-09
1231	2	4	6.2131414414e-09
1231	3	0	-4.0625156571e-18
1231	3	1	-6.7591002808e-13
1231	3	2	-6.2282769656e-11
1231	3	3	4.7075550138e-10
1231	3	4	4.2256559751e-09
1231	4	0	-7.0365775278e-29
1231	4	1	-1.7654177565e-16
1231	4	2	-2.2363619674e-12
1231	4	3	-7.7140504751e-11
1231	4	4	2.5289353024e-09
1569	0	0	-4.5766714374e-11
1569	0	1	2.8082141871e-09
1569	0	2	5.4696086735e-09
1569	0	3	7.0227565602e-09
1569	0	4	8.4044116715e-09
1569	1	0	-4.4812997954e-11
1569	1	1	1.1837117454e-11
1569	1	2	2.1478893185e-09
1569	1	3	4.6044605489e-09
1569	1	4	6.7137618601e-09
1569	2	0	-2.3063273064e-13
1569	2	1	-4.1397752647e-11
1569	2	2	5.5236485009e-11
1569	2	3	2.0447726612e-09
1569	2	4	4.7161310298e-09
1569	3	0	-3.1193777659e-18
1569	3	1	-5.0816345069e-13
1569	3	2	-4.6265285058e-11
1569	3	3	3.5061974961e-10
1569	3	4	3.1097282611e-09
1569	4	0	-5.3975270814e-29
1569	4	1	-1.3103497666e-16
1569	4	2	-1.6238237191e-12
1569	4	3	-5.4845652137e-11
1569	4	4	1.8065899599e-09
2000	0	0	-4.0352274438e-11
2000	0	1	1.9668624487e-09
2000	0	2	3.8823061101e-09
2000	0	3	5.0006000897e-09
2000	0	4	5.9952401830e-09
2000	1	0	-3.3459822795e-11
2000	1	1	5.3264970632e-12
2000	1	2	1.6222981458e-09
2000	1	3	3.4935195989e-09
2000	1	4	5.1000390856e-09
2000	2	0	-1.7696854510e-13
2000	2	1	-3.1829946843e-11
2000	2	2	4.2820164980e-11
2000	2	3	1.5694578056e-09
2000	2	4	3.6149396978e-09
2000	3	0	-2.4014327664e-18
2000	3	1	-3.8797947818e-13
2000	3	2	-3.5033841395e-11
2000	3	3	2.6605029230e-10
2000	3	4	2.3371412153e-09
2000	4	0	-4.1555956119e-29
2000	4	1	-9.9196850309e-17
2000	4	2	-1.2065846122e-12
2000	4	3	-3.9930527144e-11
2000	4	4	1.3213674345e-09
